sum_T25_0p18_0		
	-13.744	3.332000000000001
	-13.736	3.071999999999996
	-13.728	2.352000000000004
	-13.72	0.6439999999999984
	-13.712	2.744000000000003
	-13.704	4.904
	-13.696	2.896000000000004
	-13.688	1.524000000000001
	-13.68	1.695999999999998
	-13.672	2.067999999999998
	-13.664	1.136000000000003
	-13.656	5.352000000000002
	-13.648	1.907999999999996
	-13.64	0.9480000000000075
	-13.632	3.079999999999998
	-13.624	4.000000000000007
	-13.616	2.923999999999985
	-13.608	2.571999999999999
	-13.6	2.028000000000002
	-13.592	3.728000000000016
	-13.584	2.615999999999993
	-13.576	2.635999999999992
	-13.568	3.308000000000003
	-13.56	1.552
	-13.552	0.7359999999999971
	-13.544	0.9640000000000022
	-13.536	2.139999999999993
	-13.528	4.688000000000013
	-13.52	3.080000000000005
	-13.512	5.367999999999991
	-13.504	2.367999999999999
	-13.496	1.968000000000004
	-13.488	2.815999999999995
	-13.48	2.29999999999999
	-13.472	3.376000000000005
	-13.464	5.280000000000015
	-13.456	1.959999999999994
	-13.448	4.14800000000001
	-13.44	4.583999999999968
	-13.432	5.144000000000013
	-13.424	3.124000000000002
	-13.416	2.548000000000009
	-13.408	2.97999999999999
	-13.4	3.788000000000004
	-13.392	1.724000000000011
	-13.384	1.699999999999989
	-13.376	4.980000000000004
	-13.368	6.411999999999992
	-13.36	4.524000000000008
	-13.352	3.515999999999991
	-13.344	6.739999999999995
	-13.336	4.91599999999999
	-13.328	3.820000000000036
	-13.32	3.611999999999995
	-13.312	4.095999999999982
	-13.304	3.936000000000007
	-13.296	7.72399999999999
	-13.288	3.896000000000022
	-13.28	2.780000000000001
	-13.272	2.055999999999983
	-13.264	5.963999999999999
	-13.256	1.980000000000018
	-13.248	1.375999999999976
	-13.24	3.100000000000023
	-13.232	1.611999999999995
	-13.224	3.132000000000005
	-13.216	1.492000000000004
	-13.208	1.24799999999999
	-13.2	4.672000000000011
	-13.192	2.263999999999982
	-13.184	4.164000000000016
	-13.176	1.547999999999988
	-13.168	2.216000000000008
	-13.16	2.223999999999961
	-13.152	5.608000000000033
	-13.144	4.74799999999999
	-13.136	2.872000000000014
	-13.128	3.275999999999968
	-13.12	7.000000000000028
	-13.112	7.308000000000007
	-13.104	3.299999999999983
	-13.096	3.771999999999991
	-13.088	3.572000000000003
	-13.08	3.496000000000024
	-13.072	1.263999999999996
	-13.064	2.563999999999993
	-13.056	4.960000000000008
	-13.048	3.72799999999998
	-13.04	5.171999999999997
	-13.032	5.120000000000005
	-13.024	5.315999999999988
	-13.016	4.736000000000018
	-13.008	6.59199999999997
	-13	4.88000000000001
	-12.992	3.14400000000002
	-12.984	1.915999999999983
	-12.976	5.676000000000002
	-12.968	4.623999999999995
	-12.96	4.456000000000031
	-12.952	3.85199999999999
	-12.944	1.61999999999999
	-12.936	2.439999999999998
	-12.928	5.900000000000006
	-12.92	4.327999999999989
	-12.912	1.712000000000003
	-12.904	0.3480000000000132
	-12.896	2.639999999999972
	-12.888	2.064000000000007
	-12.88	3.255999999999972
	-12.872	4.828000000000046
	-12.864	2.207999999999984
	-12.856	3.671999999999997
	-12.848	2.824000000000012
	-12.84	3.615999999999971
	-12.832	6.412000000000006
	-12.824	5.075999999999979
	-12.816	3.880000000000024
	-12.808	3.579999999999984
	-12.8	5.288000000000025
	-12.792	2.356000000000023
	-12.784	1.691999999999993
	-12.776	3.807999999999993
	-12.768	1.451999999999998
	-12.76	1.088000000000022
	-12.752	2.615999999999957
	-12.744	4.03600000000003
	-12.736	3.419999999999973
	-12.728	4.176000000000016
	-12.72	4.307999999999993
	-12.712	5.220000000000056
	-12.704	3.867999999999938
	-12.696	4.119999999999976
	-12.688	4.064000000000021
	-12.68	2.732000000000028
	-12.672	2.695999999999998
	-12.664	1.496000000000009
	-12.656	2.395999999999958
	-12.648	6.408000000000015
	-12.64	2.400000000000006
	-12.632	1.303999999999974
	-12.624	3.872000000000043
	-12.616	1.967999999999989
	-12.608	2.256
	-12.6	3.795999999999964
	-12.592	5.140000000000043
	-12.584	2.795999999999992
	-12.576	2.564000000000021
	-12.568	2.303999999999974
	-12.56	2.495999999999981
	-12.552	2.768000000000029
	-12.544	4.859999999999985
	-12.536	2.340000000000032
	-12.528	1.967999999999989
	-12.52	1.23599999999999
	-12.512	1.144000000000034
	-12.504	2.723999999999961
	-12.496	2.807999999999993
	-12.488	4.28000000000003
	-12.48	5.171999999999969
	-12.472	4.219999999999999
	-12.464	2.940000000000026
	-12.456	2.511999999999944
	-12.448	7.496000000000038
	-12.44	4.967999999999961
	-12.432	6.284000000000049
	-12.424	6.271999999999991
	-12.416	3.044000000000011
	-12.408	2.831999999999994
	-12.4	6.204000000000008
	-12.392	3.871999999999929
	-12.384	5.300000000000068
	-12.376	4.47199999999998
	-12.368	5.283999999999992
	-12.36	2.319999999999993
	-12.352	2.720000000000027
	-12.344	4.107999999999976
	-12.336	4.831999999999994
	-12.328	3.54400000000004
	-12.32	2.923999999999978
	-12.312	5.103999999999985
	-12.304	4.264000000000038
	-12.296	4.915999999999968
	-12.288	3.788000000000039
	-12.28	1.924000000000007
	-12.272	3.943999999999988
	-12.264	5.800000000000011
	-12.256	4.96399999999997
	-12.248	5.088000000000022
	-12.24	7.151999999999987
	-12.232	3.47999999999999
	-12.224	2.063999999999993
	-12.216	5.176000000000016
	-12.208	4.703999999999979
	-12.2	2.220000000000027
	-12.192	2.159999999999968
	-12.184	3.348000000000042
	-12.176	4.359999999999985
	-12.168	6.304000000000002
	-12.16	3.539999999999992
	-12.152	3.176000000000016
	-12.144	1.651999999999987
	-12.136	1.884000000000015
	-12.128	0.5919999999999845
	-12.12	2.408000000000015
	-12.112	1.348000000000013
	-12.104	1.339999999999975
	-12.096	6.011999999999972
	-12.088	3.820000000000022
	-12.08	2.596000000000004
	-12.072	6.37599999999992
	-12.064	4.86800000000008
	-12.056	3.98399999999998
	-12.048	3.01600000000002
	-12.04	5.73599999999999
	-12.032	5.828000000000003
	-12.024	4.560000000000031
	-12.016	3.47199999999998
	-12.008	3.044000000000011
	-12	0.8719999999999857
	-11.992	1.699999999999989
	-11.984	2.928000000000026
	-11.976	5.067999999999984
	-11.968	4.567999999999984
	-11.96	4.55600000000004
	-11.952	2.048000000000002
	-11.944	1.73599999999999
	-11.936	2.075999999999993
	-11.928	4.036000000000001
	-11.92	3.859999999999957
	-11.912	4.440000000000055
	-11.904	3.704000000000008
	-11.896	1.787999999999982
	-11.888	2.884000000000015
	-11.88	2.083999999999946
	-11.872	3.364000000000033
	-11.864	1.871999999999986
	-11.856	3.108000000000004
	-11.848	3.763999999999982
	-11.84	3.996000000000009
	-11.832	5.524000000000058
	-11.824	7.999999999999972
	-11.816	2.003999999999991
	-11.808	4.420000000000044
	-11.8	3.611999999999938
	-11.792	5.448000000000008
	-11.784	4.015999999999991
	-11.776	5.584000000000003
	-11.768	3.228000000000009
	-11.76	2.467999999999989
	-11.752	3.664000000000016
	-11.744	2.95599999999996
	-11.736	5.580000000000013
	-11.728	4.051999999999992
	-11.72	5.276000000000039
	-11.712	4.048000000000002
	-11.704	4.243999999999971
	-11.696	4.735999999999962
	-11.688	3.960000000000036
	-11.68	1.683999999999969
	-11.672	5.804000000000087
	-11.664	5.988
	-11.656	4.263999999999896
	-11.648	3.911999999999978
	-11.64	4.528000000000134
	-11.632	4.19199999999995
	-11.624	4.74799999999999
	-11.616	3.175999999999988
	-11.608	3.644000000000005
	-11.6	3.499999999999943
	-11.592	2.108000000000004
	-11.584	2.228000000000009
	-11.576	2.564000000000078
	-11.568	3.099999999999909
	-11.56	1.852000000000032
	-11.552	3.708000000000141
	-11.544	7.191999999999837
	-11.536	3.412000000000035
	-11.528	1.12399999999991
	-11.52	0.04400000000003956
	-11.512	3.01600000000002
	-11.504	2.812000000000069
	-11.496	4.659999999999968
	-11.488	4.872000000000071
	-11.48	4.655999999999949
	-11.472	5.663999999999987
	-11.464	2.971999999999923
	-11.456	2.300000000000011
	-11.448	4.927999999999997
	-11.44	2.700000000000102
	-11.432	5.031999999999982
	-11.424	5.519999999999925
	-11.416	3.384000000000071
	-11.408	5.188000000000045
	-11.4	4.315999999999974
	-11.392	4.203999999999951
	-11.384	2.54000000000002
	-11.376	3.567999999999984
	-11.368	4.363999999999919
	-11.36	2.524000000000001
	-11.352	3.256000000000085
	-11.344	5.07200000000006
	-11.336	6.54000000000002
	-11.328	4.571999999999946
	-11.32	3.815999999999917
	-11.312	3.18400000000014
	-11.304	6.20799999999997
	-11.296	4.563999999999851
	-11.288	3.57200000000006
	-11.28	1.240000000000009
	-11.272	5.764000000000124
	-11.264	4.235999999999933
	-11.256	4.472000000000037
	-11.248	6.507999999999925
	-11.24	3.592000000000041
	-11.232	3.947999999999979
	-11.224	4.584000000000003
	-11.216	5.328000000000031
	-11.208	6.236000000000104
	-11.2	4.351999999999805
	-11.192	3.580000000000041
	-11.184	3.528000000000077
	-11.176	4.851999999999919
	-11.168	5.580000000000155
	-11.16	7.871999999999787
	-11.152	3.040000000000077
	-11.144	3.171999999999969
	-11.136	5.920000000000186
	-11.128	8.751999999999896
	-11.12	4.403999999999883
	-11.112	1.28000000000003
	-11.104	4.75200000000001
	-11.096	3.135999999999967
	-11.088	4.140000000000043
	-11.08	1.999999999999943
	-11.072	3.976000000000056
	-11.064	3.36000000000007
	-11.056	3.399999999999864
	-11.048	2.364000000000033
	-11.04	5.600000000000136
	-11.032	5.923999999999864
	-11.024	3.452000000000055
	-11.016	2.847999999999956
	-11.008	3.159999999999968
	-11	2.208000000000027
	-10.992	1.391999999999939
	-10.984	3.288000000000125
	-10.976	5.444000000000074
	-10.968	6.692000000000007
	-10.96	5.507999999999868
	-10.952	3.604000000000042
	-10.944	6.26400000000001
	-10.936	2.239999999999952
	-10.928	3.032000000000039
	-10.92	3.603999999999985
	-10.912	3.77600000000001
	-10.904	2.631999999999948
	-10.896	3.436000000000092
	-10.888	3.455999999999904
	-10.88	2.820000000000107
	-10.872	5.45599999999996
	-10.864	6.71200000000016
	-10.856	7.139999999999873
	-10.848	3.159999999999854
	-10.84	4.000000000000171
	-10.832	3.979999999999961
	-10.824	7.496000000000208
	-10.816	8.603999999999758
	-10.808	5.231999999999914
	-10.8	1.472000000000037
	-10.792	2.900000000000091
	-10.784	4.363999999999976
	-10.776	7.80800000000005
	-10.768	5.323999999999899
	-10.76	5.019999999999982
	-10.752	3.460000000000093
	-10.744	3.423999999999864
	-10.736	0.896000000000015
	-10.728	2.016000000000076
	-10.72	3.779999999999973
	-10.712	3.223999999999933
	-10.704	1.160000000000082
	-10.696	6.752000000000066
	-10.688	6.69599999999997
	-10.68	4.347999999999956
	-10.672	4.240000000000009
	-10.664	3.716000000000065
	-10.656	6.780000000000086
	-10.648	7.515999999999963
	-10.64	5.223999999999819
	-10.632	3.5
	-10.624	4.292000000000087
	-10.616	4.440000000000111
	-10.608	9.795999999999879
	-10.6	7.412000000000091
	-10.592	7.727999999999895
	-10.584	5.780000000000086
	-10.576	6.939999999999884
	-10.568	3.548000000000059
	-10.56	6.071999999999946
	-10.552	5.728000000000065
	-10.544	5.127999999999929
	-10.536	3.460000000000036
	-10.528	7.056000000000211
	-10.52	6.155999999999835
	-10.512	5.391999999999996
	-10.504	4.739999999999952
	-10.496	7.972000000000151
	-10.488	6.407999999999902
	-10.48	9.288000000000181
	-10.472	7.611999999999739
	-10.464	2.79200000000003
	-10.456	2.672000000000025
	-10.448	8.708000000000084
	-10.44	5.011999999999887
	-10.432	3.427999999999997
	-10.424	3.871999999999957
	-10.416	4.216000000000179
	-10.408	4.623999999999967
	-10.4	6.379999999999939
	-10.392	5.776000000000295
	-10.384	10.45999999999975
	-10.376	7.088000000000136
	-10.368	8.115999999999872
	-10.36	7.244000000000028
	-10.352	6.035999999999945
	-10.344	8.584000000000003
	-10.336	5.312000000000069
	-10.328	6.363999999999919
	-10.32	10.38000000000017
	-10.312	4.055999999999699
	-10.304	1.888000000000034
	-10.296	2.804000000000087
	-10.288	5.928000000000054
	-10.28	4.81599999999986
	-10.272	3.176000000000045
	-10.264	3.796000000000049
	-10.256	6.591999999999985
	-10.248	3.159999999999968
	-10.24	1.559999999999945
	-10.232	5.176000000000215
	-10.224	7.92799999999977
	-10.216	5.356000000000165
	-10.208	5.835999999999899
	-10.2	2.635999999999967
	-10.192	2.912000000000035
	-10.184	3.600000000000023
	-10.176	4.248000000000047
	-10.168	5.255999999999972
	-10.16	3.847999999999956
	-10.152	6.492000000000132
	-10.144	8.975999999999999
	-10.136	11.1760000000001
	-10.128	8.059999999999889
	-10.12	5.03999999999985
	-10.112	6.116000000000099
	-10.104	4.603999999999985
	-10.096	7.015999999999963
	-10.088	3.087999999999909
	-10.08	3.500000000000057
	-10.072	3.091999999999985
	-10.064	3.844000000000108
	-10.056	7.271999999999991
	-10.048	8.192000000000064
	-10.04	6.88799999999992
	-10.032	2.575999999999908
	-10.024	4.452000000000112
	-10.016	7.984000000000037
	-10.008	8.056000000000211
	-10	13.02399999999972
	-9.992	6.232000000000028
	-9.984	6.699999999999989
	-9.976	8.25200000000001
	-9.968	7.439999999999941
	-9.96	7.759999999999934
	-9.952	3.900000000000091
	-9.944	6.936000000000035
	-9.936	7.928000000000054
	-9.928	8.775999999999954
	-9.92	7.220000000000084
	-9.912	6.503999999999849
	-9.904	4.416000000000111
	-9.896	6.811999999999955
	-9.888	7.632000000000062
	-9.88	4.644000000000005
	-9.872	7.048000000000002
	-9.864	5.651999999999873
	-9.856	10.64400000000018
	-9.848	9.243999999999801
	-9.84	3.075999999999908
	-9.832	3.744000000000142
	-9.824	8.740000000000066
	-9.816	4.471999999999809
	-9.808	2.456000000000017
	-9.8	7.192000000000064
	-9.792	6.260000000000048
	-9.784	6.567999999999984
	-9.776	4.307999999999879
	-9.768	6.19600000000014
	-9.76	6.363999999999976
	-9.752	9.099999999999966
	-9.744	8.076000000000022
	-9.736	5.879999999999995
	-9.728	8.079999999999927
	-9.72	9.832000000000107
	-9.712	12.32400000000007
	-9.704	6.795999999999822
	-9.696	5.15600000000012
	-9.688	12.12799999999993
	-9.68	8.948000000000206
	-9.672	5.643999999999835
	-9.664	8.288000000000181
	-9.656	11.37199999999984
	-9.648	9.328000000000031
	-9.64	8.636000000000081
	-9.632	9.919999999999845
	-9.624	9.436000000000035
	-9.616	10.3399999999998
	-9.608	12.27600000000041
	-9.6	7.687999999999647
	-9.592	7.688000000000216
	-9.584	11.87200000000018
	-9.576	11.0079999999997
	-9.568	8.351999999999862
	-9.56	7.172000000000025
	-9.552	8.104000000000042
	-9.544	7.211999999999989
	-9.536	7.980000000000018
	-9.528	8.088000000000079
	-9.52	7.583999999999833
	-9.512	8.932000000000244
	-9.504	13.69199999999989
	-9.496	11.52800000000013
	-9.488	12
	-9.48	8.579999999999814
	-9.472	9.076000000000022
	-9.464	10.11599999999999
	-9.456	6.560000000000059
	-9.448	8.843999999999937
	-9.44	3.480000000000018
	-9.432	10.00800000000015
	-9.424	9.88799999999992
	-9.416	12.19200000000001
	-9.408	10.19999999999993
	-9.4	7.480000000000246
	-9.392	8.923999999999864
	-9.384	10.40400000000011
	-9.376	8.155999999999608
	-9.368	7.348000000000297
	-9.36	9.047999999999888
	-9.352	10.46000000000004
	-9.344	10.79599999999994
	-9.336	9.796000000000163
	-9.328	11.55600000000004
	-9.32	9.259999999999764
	-9.312	7.411999999999921
	-9.304	5.784000000000106
	-9.296	15.84000000000026
	-9.288	7.355999999999653
	-9.28	7.584000000000174
	-9.272	9.727999999999952
	-9.264	14.50800000000004
	-9.256	12.68000000000029
	-9.248	13.13599999999963
	-9.24	12.81600000000026
	-9.232	13.93999999999994
	-9.224	11.61599999999987
	-9.216	8.23599999999999
	-9.208	11.41600000000039
	-9.2	17.97199999999975
	-9.192	11.94399999999985
	-9.184	11.32000000000028
	-9.176	13.27199999999971
	-9.168	15.61200000000019
	-9.16	15.62400000000002
	-9.152	11.6479999999998
	-9.144	13.99600000000021
	-9.136	16.27200000000005
	-9.128	14.13999999999987
	-9.12	10.03199999999981
	-9.112	9.360000000000014
	-9.104	12.25200000000018
	-9.096	12.91999999999996
	-9.088	10.7399999999999
	-9.08	11.36400000000003
	-9.072	6.087999999999965
	-9.064	12.25200000000007
	-9.056	13.65199999999993
	-9.048	9.416000000000167
	-9.04	12.67999999999995
	-9.032	15.49999999999977
	-9.024	11.7800000000002
	-9.016	16.05600000000004
	-9.008	11.7879999999999
	-9	15.80800000000011
	-8.992	9.816000000000031
	-8.984	11.17599999999982
	-8.976	11.21999999999991
	-8.968	10.68400000000008
	-8.96	14.40800000000036
	-8.952	10.76399999999978
	-8.944	13.41199999999992
	-8.936	9.464000000000283
	-8.928	16.23599999999988
	-8.92	13.21999999999991
	-8.912	15.2600000000001
	-8.904	13.79599999999994
	-8.896	14.50000000000023
	-8.888	18.976
	-8.88	13.42399999999986
	-8.872	12.88800000000003
	-8.864	13.22399999999971
	-8.856	12.64400000000023
	-8.848	12.80799999999977
	-8.84	9.380000000000109
	-8.832	16.8359999999999
	-8.824	12.16000000000008
	-8.816	19.428
	-8.808	17.74000000000035
	-8.8	17.63199999999972
	-8.792	13.09199999999998
	-8.784	11.27199999999993
	-8.776	14.9000000000002
	-8.768	16.64800000000002
	-8.76	15.20400000000006
	-8.752	14.85999999999956
	-8.744	10.02800000000047
	-8.736	19.9559999999999
	-8.728	19.79200000000014
	-8.72	16.17999999999972
	-8.712	17.59599999999989
	-8.704	21.77599999999995
	-8.696	16.87200000000007
	-8.688	11.91999999999996
	-8.68	13.34400000000039
	-8.672	19.70400000000006
	-8.664	22.42799999999977
	-8.656	19.75599999999997
	-8.648	19.55199999999991
	-8.64	15.41599999999994
	-8.632	13.51600000000008
	-8.624	15.04400000000021
	-8.616	14.65199999999982
	-8.608	12.61999999999989
	-8.6	14.08399999999995
	-8.592	17.72800000000007
	-8.584	17.5
	-8.576	15.9680000000003
	-8.568	20.3599999999999
	-8.56	23.5600000000004
	-8.552	27.26799999999957
	-8.544	17.17999999999984
	-8.536	18.39599999999996
	-8.528	20.1840000000002
	-8.52	17.70799999999997
	-8.512	17.14400000000012
	-8.504	21.48799999999983
	-8.496	25.79200000000003
	-8.488	27.15200000000038
	-8.48	21.23999999999978
	-8.472	17.81599999999992
	-8.464	21.95200000000011
	-8.456	17.91199999999981
	-8.448	20.4319999999999
	-8.44	18.13999999999987
	-8.432	23.92800000000034
	-8.424	21.80000000000018
	-8.416	24.03199999999981
	-8.408	19.37999999999988
	-8.4	17.82400000000007
	-8.392	17.48400000000004
	-8.384	17.74000000000012
	-8.376	23.13999999999976
	-8.368	21.70400000000029
	-8.36	21.40800000000002
	-8.352	19.11999999999966
	-8.344	20.38000000000034
	-8.336	25.96799999999985
	-8.328	22.51999999999987
	-8.32	25.40800000000002
	-8.312	21.91600000000028
	-8.304	22.01199999999972
	-8.296	27.54399999999987
	-8.288	21.94400000000007
	-8.28	20.26000000000022
	-8.272	26.18000000000029
	-8.264	20.46799999999939
	-8.256	17.63999999999999
	-8.248	24.15200000000061
	-8.24	26.93599999999935
	-8.232	25.04000000000008
	-8.224	22.45200000000034
	-8.216	20.04399999999964
	-8.208	31.19200000000012
	-8.2	24.64400000000012
	-8.192	25.6880000000001
	-8.184	23.41599999999994
	-8.176	24.12400000000002
	-8.168	30.37600000000009
	-8.16	28.54399999999987
	-8.152	21.904
	-8.144	22.17600000000016
	-8.136	26.63599999999997
	-8.128	34.67199999999991
	-8.12	27.38800000000015
	-8.112	18.1519999999997
	-8.104	33.86000000000024
	-8.096	34.48400000000004
	-8.088	25.26800000000014
	-8.08	28.24000000000001
	-8.072	38.01199999999983
	-8.064	32.00799999999981
	-8.056	25.18799999999999
	-8.048	31.50800000000015
	-8.04	26.87599999999986
	-8.032	27.63999999999999
	-8.024	25.04400000000032
	-8.016	23.70799999999952
	-8.008	20.2120000000001
	-8	28.40800000000002
	-7.992	31.06800000000021
	-7.984	31.06399999999962
	-7.976	23.85200000000054
	-7.968	27.93999999999994
	-7.96	21.30799999999965
	-7.952	21.49600000000032
	-7.944	29.38800000000015
	-7.936	27.44799999999964
	-7.928	31.90400000000022
	-7.92	27.09999999999957
	-7.912	43.09600000000046
	-7.904	34.39599999999984
	-7.896	28.36400000000015
	-7.888	32.40799999999979
	-7.88	29.596
	-7.872	29.49199999999996
	-7.864	26.70799999999997
	-7.856	36.68400000000042
	-7.848	41.28800000000012
	-7.84	33.0799999999997
	-7.832	38.01600000000042
	-7.824	39.09199999999953
	-7.816	34.45200000000011
	-7.808	33.33600000000001
	-7.8	33.78400000000022
	-7.792	29.90400000000011
	-7.784	44.31999999999994
	-7.776	29.23999999999944
	-7.768	29.18000000000029
	-7.76	37.67199999999991
	-7.752	45.37599999999998
	-7.744	42.67599999999993
	-7.736	32.44000000000017
	-7.728	34.13999999999999
	-7.72	37.05999999999995
	-7.712	29.02399999999977
	-7.704	29.45600000000059
	-7.696	43.44799999999998
	-7.688	39.52799999999968
	-7.68	41.61600000000033
	-7.672	42.22399999999971
	-7.664	36.48400000000038
	-7.656	38.23999999999978
	-7.648	33.04799999999977
	-7.64	36.03200000000004
	-7.632	47.79200000000026
	-7.624	45.1719999999998
	-7.616	42.3359999999999
	-7.608	36.92800000000011
	-7.6	37.95600000000047
	-7.592	45.06799999999987
	-7.584	39.7879999999999
	-7.576	45.66800000000001
	-7.568	37.10799999999995
	-7.56	46.10400000000027
	-7.552	50.55599999999959
	-7.544	38.74399999999957
	-7.536	41.68800000000022
	-7.528	49.73600000000033
	-7.52	45.15200000000004
	-7.512	41.49599999999975
	-7.504	44.68800000000067
	-7.496	51.00399999999968
	-7.488	46.92399999999986
	-7.48	40.20799999999974
	-7.472	40.59200000000021
	-7.464	41.7560000000002
	-7.456	46.94000000000051
	-7.448	51.25199999999938
	-7.44	42.33200000000011
	-7.432	49.96799999999996
	-7.424	53.81199999999967
	-7.416	48.51199999999994
	-7.408	43.95200000000011
	-7.4	56.62400000000059
	-7.392	58.37200000000053
	-7.384	57.33599999999933
	-7.376	60.00000000000011
	-7.368	44.03599999999926
	-7.36	49.31200000000104
	-7.352	59.59599999999966
	-7.344	44.16399999999999
	-7.336	56.5999999999998
	-7.328	50.81999999999994
	-7.32	48.55600000000049
	-7.312	66.23999999999967
	-7.304	54.87999999999977
	-7.296	53.75200000000063
	-7.288	60.14399999999955
	-7.28	51.32800000000032
	-7.272	70.63599999999963
	-7.264	68.39200000000017
	-7.256	69.58000000000004
	-7.248	75.14400000000035
	-7.24	68.81599999999969
	-7.232	57.80799999999999
	-7.224	78.46800000000042
	-7.216	69.84399999999937
	-7.208	61.15999999999997
	-7.2	57.07200000000023
	-7.192	68.13999999999976
	-7.184	75.82800000000077
	-7.176	78.04399999999953
	-7.168	70.90799999999967
	-7.16	68.54400000000032
	-7.152	73.92400000000055
	-7.144	77.1839999999994
	-7.136	66.08000000000038
	-7.128	48.68399999999974
	-7.12	61.05200000000048
	-7.112	55.18399999999929
	-7.104	70.92800000000057
	-7.096	86.73599999999999
	-7.088	66.55599999999981
	-7.08	64.54000000000008
	-7.072	81.51599999999962
	-7.064	74.47600000000068
	-7.056	80.24399999999946
	-7.048	79.09999999999957
	-7.04	78.33600000000069
	-7.032	87.22399999999982
	-7.024	76.09600000000023
	-7.016	82.63599999999997
	-7.008	70.91200000000026
	-7	81.30799999999999
	-6.992	69.81599999999992
	-6.984	86.06000000000006
	-6.976	76.75199999999973
	-6.968	78.81999999999971
	-6.96	75.87600000000077
	-6.952	87.17599999999948
	-6.944	85.91600000000051
	-6.936	75.57199999999921
	-6.928	69.59200000000021
	-6.92	67.22399999999982
	-6.912	72.40399999999988
	-6.904	68.74000000000012
	-6.896	74.78400000000056
	-6.888	80.55199999999945
	-6.88	71.14800000000059
	-6.872	77.01999999999998
	-6.864	68.20399999999961
	-6.856	71.60000000000059
	-6.848	81.97999999999956
	-6.84	88.66000000000042
	-6.832	87.6799999999995
	-6.824	90.68400000000065
	-6.816	79.61999999999898
	-6.808	70.21200000000022
	-6.8	63.33199999999977
	-6.792	87.14400000000069
	-6.784	90.41200000000015
	-6.776	93.07199999999921
	-6.768	85.40000000000055
	-6.76	75.83599999999933
	-6.752	90.82400000000052
	-6.744	87.72400000000016
	-6.736	87.29600000000005
	-6.728	86.25999999999999
	-6.72	89.46000000000026
	-6.712	78.2079999999994
	-6.704	66.11999999999932
	-6.696	75.41600000000119
	-6.688	82.73599999999919
	-6.68	72.16800000000012
	-6.672	67.55200000000002
	-6.664	76.79600000000005
	-6.656	66.34799999999962
	-6.648	69.06000000000029
	-6.64	78.08400000000074
	-6.632	82.27199999999948
	-6.624	65.34399999999926
	-6.616	70.53200000000095
	-6.608	82.96800000000019
	-6.6	85.64399999999955
	-6.592	85.28400000000033
	-6.584	75.29599999999982
	-6.576	78.30400000000009
	-6.568	72.11199999999928
	-6.56	73.39200000000073
	-6.552	71.27199999999948
	-6.544	76.32000000000062
	-6.536	80.63599999999997
	-6.528	78.22000000000037
	-6.52	80.80399999999941
	-6.512	64.9159999999996
	-6.504	74.84400000000051
	-6.496	88.40800000000024
	-6.488	80.78399999999999
	-6.48	81.95199999999977
	-6.472	83.572
	-6.464	88.50800000000004
	-6.456	65.57999999999936
	-6.448	81.98800000000119
	-6.44	74.29199999999923
	-6.432	79.31200000000035
	-6.424	87.08000000000027
	-6.416	88.00799999999936
	-6.408	78.48399999999992
	-6.4	85.78000000000031
	-6.392	79.30400000000009
	-6.384	68.60799999999927
	-6.376	70.61600000000078
	-6.368	79.02799999999979
	-6.36	79.05999999999949
	-6.352	71.86399999999992
	-6.344	68.58800000000019
	-6.336	81.57200000000103
	-6.328	87.45199999999909
	-6.32	87.90400000000011
	-6.312	86.34800000000018
	-6.304	84.28800000000047
	-6.296	78.23199999999952
	-6.288	82.78000000000009
	-6.28	96.10800000000052
	-6.272	92.03999999999917
	-6.264	84.58400000000029
	-6.256	72.13999999999953
	-6.248	74.29200000000003
	-6.24	74.34400000000039
	-6.232	83.40400000000022
	-6.224	88.57599999999934
	-6.216	94.20800000000031
	-6.208	82.34800000000007
	-6.2	90.51600000000042
	-6.192	88.48799999999949
	-6.184	73.57599999999991
	-6.176	70.476
	-6.168	77.88800000000026
	-6.16	83.26400000000024
	-6.152	88.16000000000076
	-6.144	94.74799999999925
	-6.136	92.65199999999959
	-6.128	82.81600000000049
	-6.12	80.60399999999959
	-6.112	83.03600000000017
	-6.104	78.56399999999985
	-6.096	85.28800000000035
	-6.088	84.98799999999937
	-6.08	88.56800000000089
	-6.072	67.43599999999913
	-6.064	81.55600000000038
	-6.056	82.94000000000062
	-6.048	75.41599999999858
	-6.04	88.900000000001
	-6.032	77.56799999999953
	-6.024	77.99600000000055
	-6.016	76.26799999999946
	-6.008	76.15200000000016
	-6	69.67999999999995
	-5.992	83.65600000000018
	-5.984	88.52000000000032
	-5.976	97.70400000000052
	-5.968	92.16799999999921
	-5.96	71.8359999999999
	-5.952	81.90400000000034
	-5.944	88.98799999999994
	-5.936	72.36399999999992
	-5.928	87.28800000000001
	-5.92	94.42400000000009
	-5.912	85.11999999999978
	-5.904	89.99999999999989
	-5.896	81.18799999999999
	-5.888	82.00799999999981
	-5.88	82.23199999999986
	-5.872	72.28799999999978
	-5.864	84.37200000000018
	-5.856	77.46399999999994
	-5.848	100.508
	-5.84	89.18800000000056
	-5.832	89.15999999999997
	-5.824	98.04799999999989
	-5.816	90.60799999999995
	-5.808	100.2559999999997
	-5.8	116.2000000000005
	-5.792	107.7119999999999
	-5.784	91.49199999999985
	-5.776	81.00399999999945
	-5.768	92.84400000000096
	-5.76	86.86399999999924
	-5.752	91.64000000000033
	-5.744	89.18399999999974
	-5.736	78.68399999999906
	-5.728	79.94400000000076
	-5.72	85.86399999999935
	-5.712	81.5120000000021
	-5.704	92.91199999999799
	-5.696	90.16800000000035
	-5.688	90.4559999999999
	-5.68	88.85600000000136
	-5.672	90.34399999999891
	-5.664	90.71999999999969
	-5.656	84.87999999999988
	-5.648	87.42000000000041
	-5.64	86.48400000000072
	-5.632	91.61199999999906
	-5.624	84.4839999999997
	-5.616	74.60399999999947
	-5.608	69.40000000000032
	-5.6	86.2640000000016
	-5.592	89.57999999999936
	-5.584	93.67600000000073
	-5.576	87.10399999999834
	-5.568	90.57200000000057
	-5.56	67.29199999999901
	-5.552	69.32800000000088
	-5.544	90.70400000000041
	-5.536	97.75999999999931
	-5.528	86.90000000000009
	-5.52	73.01600000000099
	-5.512	90.87999999999943
	-5.504	87.74800000000005
	-5.496	81.48800000000051
	-5.488	83.72800000000029
	-5.48	81.23599999999897
	-5.472	82.11200000000144
	-5.464	96.17599999999925
	-5.456	85.77200000000039
	-5.448	91.87599999999929
	-5.44	87.48400000000083
	-5.432	82.26799999999889
	-5.424	83.73200000000043
	-5.416	84.09199999999987
	-5.408	82.69199999999955
	-5.4	77.76800000000048
	-5.392	75.28000000000065
	-5.384	81.17200000000003
	-5.376	82.48400000000015
	-5.368	89.99999999999818
	-5.36	84.84000000000083
	-5.352	82.79599999999914
	-5.344	88.09600000000137
	-5.336	83.69999999999982
	-5.328	83.61600000000089
	-5.32	82.7599999999984
	-5.312	74.84799999999996
	-5.304	69.56800000000021
	-5.296	73.48800000000074
	-5.288	78.02799999999979
	-5.28	82.99199999999996
	-5.272	73.84399999999914
	-5.264	81.52800000000116
	-5.256	74.15999999999804
	-5.248	76.19600000000219
	-5.24	80.59199999999828
	-5.232	79.03600000000051
	-5.224	88.14000000000146
	-5.216	82.40399999999863
	-5.208	71.17200000000093
	-5.2	78.46799999999871
	-5.192	79.68400000000111
	-5.184	90.87199999999962
	-5.176	76.89600000000064
	-5.168	72.43200000000002
	-5.16	76.32799999999952
	-5.152	73.09999999999991
	-5.144	69.31999999999994
	-5.136	72.77600000000075
	-5.128	75.60400000000004
	-5.12	85.35999999999922
	-5.112	80.07199999999989
	-5.104	73.02800000000093
	-5.096	82.76399999999899
	-5.088	76.87199999999939
	-5.08	74.73200000000043
	-5.072	78.91200000000049
	-5.064	62.7519999999995
	-5.056	72.55999999999995
	-5.048	88.18799999999965
	-5.04	65.99999999999977
	-5.032	76.19200000000092
	-5.024	77.70000000000118
	-5.016	80.77599999999893
	-5.008	72.8280000000002
	-5	73.54799999999977
	-4.992	84.04400000000055
	-4.984	68.79999999999905
	-4.976	72.15600000000086
	-4.968	75.10399999999936
	-4.96	81.96399999999949
	-4.952	76.28400000000033
	-4.944	76.6960000000015
	-4.936	71.26399999999876
	-4.928	75.21200000000022
	-4.92	72.46000000000004
	-4.912	80.52800000000025
	-4.904	74.7639999999983
	-4.896	70.39600000000087
	-4.888	74.11200000000053
	-4.88	75.9599999999989
	-4.872	71.18000000000211
	-4.864	86.77599999999779
	-4.856	78.55600000000118
	-4.848	78.85200000000077
	-4.84	81.70799999999826
	-4.832	66.91600000000085
	-4.824	70.92399999999952
	-4.816	79.13599999999929
	-4.808	65.73600000000192
	-4.8	68.57199999999898
	-4.792	81.95199999999977
	-4.784	83.84400000000073
	-4.776	66.68799999999896
	-4.768	78.50399999999991
	-4.76	82.67600000000039
	-4.752	80.66399999999976
	-4.744	76.90800000000081
	-4.736	85.51599999999917
	-4.728	70.47600000000125
	-4.72	66.37599999999907
	-4.712	66.62800000000038
	-4.704	79.71599999999899
	-4.696	70.15600000000131
	-4.688	64.20399999999972
	-4.68	71.80799999999954
	-4.672	74.47200000000066
	-4.664	75.57199999999989
	-4.656	68.79199999999878
	-4.648	61.83200000000056
	-4.64	75.78400000000011
	-4.632	70.67999999999984
	-4.624	74.84800000000064
	-4.616	68.44799999999918
	-4.608	75.9800000000007
	-4.6	75.12000000000012
	-4.592	80.00000000000045
	-4.584	80.06399999999894
	-4.576	75.5920000000001
	-4.568	71.35200000000009
	-4.56	74.01200000000063
	-4.552	69.14399999999887
	-4.544	69.71200000000022
	-4.536	62.19600000000014
	-4.528	72.24400000000014
	-4.52	82.08400000000051
	-4.512	71.72399999999948
	-4.504	77.60000000000036
	-4.496	81.90400000000022
	-4.488	80.14399999999887
	-4.48	65.10000000000105
	-4.472	70.62399999999934
	-4.464	83.14400000000069
	-4.456	70.44799999999964
	-4.448	61.23200000000043
	-4.44	81.36799999999994
	-4.432	83.54400000000123
	-4.424	76.31999999999857
	-4.416	64.75199999999927
	-4.408	69.54000000000019
	-4.4	73.40800000000013
	-4.392	68.42400000000021
	-4.384	71.26000000000067
	-4.376	76.56799999999907
	-4.368	63.96000000000095
	-4.36	71.33999999999878
	-4.352	72.76800000000094
	-4.344	80.35200000000054
	-4.336	68.29599999999823
	-4.328	67.87600000000066
	-4.32	71.93599999999969
	-4.312	67.90000000000032
	-4.304	74.24400000000082
	-4.296	86.13999999999896
	-4.288	69.62400000000162
	-4.28	76.24000000000001
	-4.272	78.20799999999986
	-4.264	73.96799999999917
	-4.256	58.49999999999955
	-4.248	67.91599999999926
	-4.24	73.85200000000123
	-4.232	67.13999999999987
	-4.224	59.49599999999987
	-4.216	67.04000000000065
	-4.208	77.13999999999965
	-4.2	62.95199999999886
	-4.192	63.62800000000107
	-4.184	76.05199999999923
	-4.176	85.1360000000011
	-4.168	79.87999999999943
	-4.16	71.63199999999961
	-4.152	61.11599999999953
	-4.144	63.27600000000143
	-4.136	59.90399999999954
	-4.128	68.74000000000069
	-4.12	74.20399999999972
	-4.112	65.34799999999905
	-4.104	65.74000000000137
	-4.096	66.00799999999936
	-4.088	64.35199999999963
	-4.08	58.06799999999862
	-4.072	54.10400000000118
	-4.064	64.24400000000082
	-4.056	63.82399999999984
	-4.048	59.91199999999935
	-4.04	64.18799999999942
	-4.032	73.69600000000059
	-4.024	56.1840000000002
	-4.016	65.38799999999992
	-4.008	68.42000000000007
	-4	56.06399999999985
	-3.992	55.92799999999988
	-3.984	65.79200000000083
	-3.976	69.1279999999997
	-3.968	73.21599999999967
	-3.96	70.08799999999974
	-3.952	61.7320000000002
	-3.944	70.28399999999988
	-3.936	68.57600000000048
	-3.928	56.19599999999946
	-3.92	71.99600000000032
	-3.912	64.22399999999925
	-3.904	64.04000000000065
	-3.896	58.51199999999903
	-3.888	61.00800000000095
	-3.88	62.23999999999933
	-3.872	50.49600000000009
	-3.864	63.24400000000082
	-3.856	61.56400000000008
	-3.848	51.9879999999996
	-3.84	61.9399999999996
	-3.832	63.48000000000002
	-3.824	55.19200000000023
	-3.816	55.24399999999946
	-3.808	55.45600000000195
	-3.8	78.18799999999896
	-3.792	56.91199999999935
	-3.784	64.47599999999989
	-3.776	58.86799999999948
	-3.768	53.89600000000087
	-3.76	54.5440000000001
	-3.752	58.54399999999987
	-3.744	60.06799999999976
	-3.736	57.19999999999959
	-3.728	56.94400000000087
	-3.72	69.11200000000008
	-3.712	57.69600000000014
	-3.704	53.02399999999921
	-3.696	52.91999999999985
	-3.688	46.08000000000038
	-3.68	60.33599999999979
	-3.672	57.53200000000106
	-3.664	55.99199999999928
	-3.656	45.81599999999935
	-3.648	49.34799999999996
	-3.64	66.35200000000168
	-3.632	59.31199999999899
	-3.624	42.9279999999992
	-3.616	54.32400000000098
	-3.608	50.46399999999994
	-3.6	62.84400000000005
	-3.592	57.61200000000008
	-3.584	50.99199999999928
	-3.576	49.12400000000093
	-3.568	54.03200000000038
	-3.56	48.60399999999822
	-3.552	48.06800000000021
	-3.544	58.54000000000042
	-3.536	54.22400000000016
	-3.528	51.85199999999963
	-3.52	47.84000000000015
	-3.512	54.20399999999972
	-3.504	46.01600000000099
	-3.496	44.08799999999928
	-3.488	40.9200000000003
	-3.48	44.22000000000003
	-3.472	53.98000000000002
	-3.464	44.83599999999933
	-3.456	52.35600000000068
	-3.448	53.53199999999924
	-3.44	40.74800000000073
	-3.432	40.32400000000007
	-3.424	54.23199999999974
	-3.416	45.64799999999968
	-3.408	49.7800000000002
	-3.4	46.25199999999973
	-3.392	51.5240000000008
	-3.384	45.3599999999999
	-3.376	49.6840000000002
	-3.368	43.60799999999904
	-3.36	42.11600000000021
	-3.352	41.14800000000014
	-3.344	44.05600000000072
	-3.336	47.55199999999945
	-3.328	42.27200000000062
	-3.32	50.59199999999942
	-3.312	43.81999999999994
	-3.304	47.18000000000052
	-3.296	47.42800000000034
	-3.288	51.8919999999996
	-3.28	54.85999999999899
	-3.272	54.11600000000089
	-3.264	61.12799999999993
	-3.256	50.0079999999989
	-3.248	44.7000000000005
	-3.24	54.59600000000069
	-3.232	55.17199999999934
	-3.224	49.74000000000069
	-3.216	43.18000000000006
	-3.208	45.16800000000012
	-3.2	46.80399999999963
	-3.192	52.25999999999976
	-3.184	54.66000000000054
	-3.176	52.67199999999934
	-3.168	47.78799999999978
	-3.16	49.44000000000028
	-3.152	40.28400000000011
	-3.144	45.98399999999901
	-3.136	46.03200000000152
	-3.128	52.68399999999997
	-3.12	51.79199999999923
	-3.112	44.06400000000008
	-3.104	47.25600000000054
	-3.096	42.06400000000031
	-3.088	52.93999999999846
	-3.08	45.78000000000088
	-3.072	47.096
	-3.064	38.33999999999969
	-3.056	54.58800000000042
	-3.048	66.88000000000056
	-3.04	55.78799999999933
	-3.032	54.42800000000011
	-3.024	47.48000000000002
	-3.016	52.14400000000023
	-3.008	54.07999999999947
	-3	57.27600000000052
	-2.992	52.30000000000018
	-2.984	52.03599999999983
	-2.976	60.40000000000032
	-2.968	56.77199999999971
	-2.96	44.47199999999998
	-2.952	52.99600000000032
	-2.944	57.44400000000041
	-2.936	64.35599999999954
	-2.928	64.47199999999953
	-2.92	51.8280000000002
	-2.912	52.05999999999995
	-2.904	45.55600000000027
	-2.896	52
	-2.888	57.69999999999936
	-2.88	57.08799999999974
	-2.872	56.88800000000015
	-2.864	56.49200000000064
	-2.856	60.06800000000021
	-2.848	66.59599999999955
	-2.84	77.33600000000024
	-2.832	66.19199999999955
	-2.824	63.3119999999999
	-2.816	61.48800000000006
	-2.808	50.26000000000022
	-2.8	68.31600000000049
	-2.792	68.22399999999993
	-2.784	61.72800000000029
	-2.776	64.15599999999927
	-2.768	66.05200000000082
	-2.76	87.99599999999964
	-2.752	86.61999999999944
	-2.744	82.12000000000126
	-2.736	85.18799999999919
	-2.728	82.60799999999949
	-2.72	80.46800000000121
	-2.712	93.35599999999909
	-2.704	87.56400000000144
	-2.696	106.6480000000006
	-2.688	112.927999999999
	-2.68	104.3720000000005
	-2.672	109.1040000000003
	-2.664	111.0399999999988
	-2.656	124.048000000002
	-2.648	124.7919999999999
	-2.64	139.4359999999997
	-2.632	121.6519999999989
	-2.624	135.9000000000005
	-2.616	126.8520000000001
	-2.608	145.7320000000009
	-2.6	151.4320000000007
	-2.592	166.2159999999994
	-2.584	153.7039999999988
	-2.576	167.9320000000014
	-2.568	183.2040000000009
	-2.56	185.8999999999996
	-2.552	198.660000000001
	-2.544	214.8479999999997
	-2.536	204.3560000000002
	-2.528	209.8240000000019
	-2.52	231.768
	-2.512	256.8559999999993
	-2.504	260.0840000000003
	-2.496	260.9280000000003
	-2.488	262.1120000000012
	-2.48	286.7119999999984
	-2.472	305.6320000000014
	-2.464	351.7640000000013
	-2.456	353.504000000002
	-2.448	381.528
	-2.44	401.7600000000004
	-2.432	394.0479999999977
	-2.424	390.892000000003
	-2.416	400.0559999999989
	-2.408	426.4519999999995
	-2.4	458.5920000000012
	-2.392	465.4599999999998
	-2.384	487.9400000000023
	-2.376	518.5439999999994
	-2.368	521.0600000000013
	-2.36	530.8839999999984
	-2.352	571.7520000000065
	-2.344	610.2959999999978
	-2.336	618.3800000000001
	-2.328	616.608000000002
	-2.32	658.100000000001
	-2.312	724.8119999999997
	-2.304	728.0919999999985
	-2.296	752.4759999999987
	-2.288	757.7080000000033
	-2.28	776.6440000000009
	-2.272	807.4080000000006
	-2.264	829.0880000000016
	-2.256	876.3760000000027
	-2.248	974.4120000000007
	-2.24	1015.800000000002
	-2.232	1049.996
	-2.224	1080.376000000001
	-2.216	1132.536000000002
	-2.208	1205.124000000002
	-2.2	1229.724000000002
	-2.192	1299.327999999997
	-2.184	1382.768000000003
	-2.176	1402.680000000003
	-2.168	1454.508000000005
	-2.16	1532.463999999999
	-2.152	1515.892
	-2.144	1566.312000000001
	-2.136	1669.16400000001
	-2.128	1676.559999999996
	-2.12	1702.924000000002
	-2.112	1732.271999999997
	-2.104	1742.196000000004
	-2.096	1765.484000000002
	-2.088	1753.859999999996
	-2.08	1775.600000000003
	-2.072	1775.028000000002
	-2.064	1735.587999999998
	-2.056	1677.735999999997
	-2.048	1625.383999999997
	-2.04	1587.223999999997
	-2.032	1551.348000000005
	-2.024	1466.399999999994
	-2.016	1463.584000000006
	-2.008	1430.819999999995
	-2	1319.719999999998
	-1.992	1316.091999999998
	-1.984	1338.955999999999
	-1.976	1318.752000000001
	-1.968	1255.448000000003
	-1.96	1250.775999999996
	-1.952	1245.175999999997
	-1.944	1280.544000000004
	-1.936	1353.867999999998
	-1.928	1366.136
	-1.92	1384.052000000004
	-1.912	1401.327999999997
	-1.904	1457.612000000008
	-1.896	1611.976
	-1.888	1644.960000000003
	-1.88	1652.680000000002
	-1.872	1793.468000000002
	-1.864	1911.419999999998
	-1.856	1943.004000000007
	-1.848	2111.364000000003
	-1.84	2252.068000000011
	-1.832	2415.267999999999
	-1.824	2465.380000000003
	-1.816	2540.176000000001
	-1.808	2701.980000000005
	-1.8	2793.248
	-1.792	2892.096000000009
	-1.784	2960.844000000004
	-1.776	2971.663999999991
	-1.768	2978.952000000008
	-1.76	2992.148000000003
	-1.752	3002.323999999995
	-1.744	3022.476000000001
	-1.736	2953.027999999999
	-1.728	2848.248000000001
	-1.72	2666.855999999993
	-1.712	2635.903999999996
	-1.704	2359.703999999989
	-1.696	2226.52
	-1.688	2043.855999999997
	-1.68	1896.711999999992
	-1.672	1739.147999999994
	-1.664	1537.028000000002
	-1.656	1393.299999999989
	-1.648	1325.544
	-1.64	1193.687999999994
	-1.632	1066.011999999996
	-1.624	997.859999999999
	-1.616	995.1359999999956
	-1.608	927.5439999999994
	-1.6	883.4160000000008
	-1.592	757.5759999999952
	-1.584	784.1280000000013
	-1.576	771.347999999997
	-1.568	725.652000000003
	-1.56	716.3119999999972
	-1.552	699.571999999999
	-1.544	627.5799999999963
	-1.536	588.2240000000011
	-1.528	577.0039999999988
	-1.52	550.699999999998
	-1.512	535.5520000000017
	-1.504	512.2959999999991
	-1.496	491.0480000000002
	-1.488	465.8639999999975
	-1.48	428.2439999999976
	-1.472	424.0680000000016
	-1.464	412.6039999999985
	-1.456	377.9679999999985
	-1.448	320.6600000000012
	-1.44	333.867999999999
	-1.432	297.651999999998
	-1.424	259.2639999999997
	-1.416	257.6280000000011
	-1.408	228.1919999999986
	-1.4	202.8719999999985
	-1.392	211.0159999999987
	-1.384	195.9040000000011
	-1.376	161.0199999999982
	-1.368	158.7320000000029
	-1.36	155.3639999999966
	-1.352	132.6000000000001
	-1.344	118.4239999999995
	-1.336	116.8559999999991
	-1.328	116.9000000000019
	-1.32	112.3519999999987
	-1.312	99.19200000000001
	-1.304	97.04399999999987
	-1.296	92.41599999999971
	-1.288	99.66400000000021
	-1.28	90.24799999999937
	-1.272	89.32799999999929
	-1.264	66.61200000000053
	-1.256	77.07999999999925
	-1.248	63.53200000000015
	-1.24	53.50399999999968
	-1.232	61
	-1.224	62.8880000000006
	-1.216	66.42400000000043
	-1.208	61.75199999999859
	-1.2	53.01600000000121
	-1.192	55.09999999999877
	-1.184	58.48000000000116
	-1.176	56.13199999999961
	-1.168	52.30399999999963
	-1.16	50.85200000000009
	-1.152	42.49999999999909
	-1.144	36.53600000000074
	-1.136	45.28800000000001
	-1.128	45.82400000000098
	-1.12	50.15599999999813
	-1.112	39.8080000000009
	-1.104	38.58000000000015
	-1.096	39.06000000000017
	-1.088	40.55999999999972
	-1.08	39.39599999999928
	-1.072	32.39599999999996
	-1.064	39.75200000000063
	-1.056	35.45599999999945
	-1.048	38.09200000000055
	-1.04	43.97999999999934
	-1.032	37.64800000000014
	-1.024	31.48400000000038
	-1.016	40.99199999999951
	-1.008	31.35600000000022
	-1	33.54000000000065
	-0.991999999999999	32.99599999999987
	-0.984	32.11599999999976
	-0.975999999999999	29.44799999999941
	-0.968	30.12000000000035
	-0.959999999999999	34.00400000000013
	-0.952	27.2559999999994
	-0.943999999999999	31.54400000000032
	-0.936	35.81999999999994
	-0.927999999999999	33.70800000000008
	-0.92	26.5920000000001
	-0.911999999999999	27.04399999999941
	-0.904	31.03200000000061
	-0.895999999999999	30.83999999999992
	-0.888	22.36799999999971
	-0.879999999999999	26.66000000000122
	-0.872	37.84799999999927
	-0.863999999999999	28.14399999999955
	-0.856	23.24400000000037
	-0.847999999999999	22.7800000000002
	-0.84	23.59199999999964
	-0.831999999999999	20.61999999999989
	-0.824	24.73199999999997
	-0.815999999999999	26.61599999999999
	-0.808	24.63600000000019
	-0.799999999999999	29.66399999999976
	-0.792	35.2440000000006
	-0.783999999999999	28.50399999999922
	-0.776	35.29600000000028
	-0.767999999999999	35.78800000000001
	-0.76	24.9680000000003
	-0.751999999999999	31.69199999999978
	-0.744	32.54800000000023
	-0.735999999999999	38.29199999999992
	-0.728	33.50399999999991
	-0.719999999999999	28.28800000000024
	-0.712	34.47200000000043
	-0.703999999999999	37.81999999999925
	-0.696	29.98000000000047
	-0.687999999999999	31.41199999999981
	-0.68	33.85200000000054
	-0.671999999999999	28.46799999999962
	-0.664	28.37599999999975
	-0.655999999999999	33.62400000000002
	-0.648	43.20800000000008
	-0.639999999999999	35.72000000000025
	-0.632	40.47999999999979
	-0.623999999999999	38.14799999999991
	-0.616	38.53600000000051
	-0.607999999999999	47.70399999999972
	-0.6	48.62400000000048
	-0.591999999999999	46.80000000000041
	-0.584	49.75199999999973
	-0.575999999999999	58.34799999999973
	-0.568	58.99599999999964
	-0.559999999999999	56.06400000000099
	-0.552	65.75200000000086
	-0.543999999999999	60.21199999999885
	-0.536	68.14399999999978
	-0.527999999999999	67.80799999999999
	-0.52	66.38799999999992
	-0.511999999999999	69.2320000000002
	-0.504	70.38000000000125
	-0.495999999999999	79.83200000000033
	-0.488	90.92799999999943
	-0.479999999999999	86.61999999999989
	-0.472	92.22800000000052
	-0.463999999999999	108.3160000000003
	-0.456	105.0079999999984
	-0.447999999999999	101.1760000000013
	-0.44	107.3440000000001
	-0.431999999999999	104.3079999999998
	-0.423999999999999	118.9319999999991
	-0.416	135.944000000002
	-0.407999999999999	124.5480000000007
	-0.4	138.6279999999995
	-0.391999999999999	138.2119999999989
	-0.384	150.9999999999998
	-0.375999999999999	127.6840000000016
	-0.368	150.4200000000001
	-0.359999999999999	166.7319999999995
	-0.352	164.852000000001
	-0.343999999999999	171.7359999999992
	-0.336	189.8720000000012
	-0.327999999999999	199.796
	-0.32	197.2280000000014
	-0.311999999999999	211.0400000000002
	-0.304	227.74
	-0.295999999999999	261.6440000000039
	-0.288	313.7120000000016
	-0.279999999999999	376.7319999999979
	-0.272	415.9960000000037
	-0.263999999999999	485.0400000000022
	-0.256	575.6400000000026
	-0.247999999999999	655.2680000000018
	-0.24	718.767999999998
	-0.231999999999999	787.3640000000021
	-0.224	794.9200000000003
	-0.215999999999999	826.7120000000014
	-0.208	774.3399999999979
	-0.199999999999999	710.0079999999973
	-0.192	623.840000000002
	-0.183999999999999	559.1159999999968
	-0.176	472.2279999999998
	-0.167999999999999	416.0719999999958
	-0.16	363.2719999999977
	-0.151999999999999	298.3679999999995
	-0.144	263.4639999999974
	-0.135999999999999	218.5439999999981
	-0.128	199.2880000000018
	-0.119999999999999	173.8399999999995
	-0.112	166.0759999999989
	-0.103999999999999	163.2680000000003
	-0.0960000000000001	145.0959999999984
	-0.0879999999999992	151.2800000000007
	-0.0800000000000001	176.5920000000006
	-0.0719999999999992	163.4160000000011
	-0.0640000000000001	164.2439999999986
	-0.0559999999999992	156.5999999999995
	-0.048	169.2280000000039
	-0.0399999999999991	194.3119999999963
	-0.032	214.5760000000014
	-0.0239999999999991	233.9040000000005
	-0.016	227.4520000000009
	-0.00799999999999912	252.0199999999998
	0	267.7200000000023
	0.0080000000000009	251.4359999999983
	0.016	223.1679999999997
	0.0240000000000009	189.9519999999984
	0.032	155.4639999999997
	0.0400000000000009	148.5919999999987
	0.048	126.9559999999997
	0.0560000000000009	109.2759999999989
	0.0640000000000001	96.41199999999981
	0.072000000000001	58.05200000000013
	0.0800000000000001	49.80399999999918
	0.088000000000001	40.25600000000031
	0.0960000000000001	42.70399999999995
	0.104000000000001	37.77599999999939
	0.112	29.49999999999955
	0.120000000000001	23.66799999999989
	0.128	24.0120000000004
	0.136000000000001	20.05199999999968
	0.144	25.40799999999967
	0.152000000000001	18.71599999999989
	0.16	17.42400000000043
	0.168000000000001	14.77599999999984
	0.176	13.05199999999945
	0.184000000000001	15.76000000000022
	0.192	16.88800000000015
	0.200000000000001	14.07600000000002
	0.208	13.20799999999963
	0.216000000000001	13.96799999999985
	0.224	9.584000000000287
	0.232000000000001	12.64000000000055
	0.24	13.57999999999947
	0.248000000000001	14.61600000000021
	0.256	11.452
	0.264000000000001	10.30399999999918
	0.272	8.744000000000369
	0.280000000000001	9.872000000000526
	0.288	13.97199999999953
	0.296000000000001	15.34400000000051
	0.304	8.727999999999383
	0.312000000000001	8.432000000000471
	0.32	14.23199999999974
	0.328000000000001	7.195999999999685
	0.336	8.64400000000046
	0.344000000000001	10.28399999999965
	0.352	11.50400000000081
	0.360000000000001	15.04399999999919
	0.368	11.71600000000012
	0.376000000000001	8.635999999999967
	0.384	7.923999999999978
	0.392000000000001	6.955999999999904
	0.4	5.616000000000213
	0.408000000000001	7.7800000000002
	0.416	16.68399999999997
	0.424000000000001	8.255999999999858
	0.432	6.436000000000149
	0.440000000000001	4.911999999999352
	0.448	10.34800000000087
	0.456000000000001	13.17999999999961
	0.464	14.64800000000014
	0.472000000000001	13.11199999999985
	0.48	11.05599999999981
	0.488000000000001	4.504000000000133
	0.496	6.179999999999836
	0.504000000000001	4.632000000000062
	0.512	9.484000000000378
	0.520000000000001	12.47999999999979
	0.528	9.948000000000093
	0.536000000000001	6.739999999999782
	0.544	9.684000000000424
	0.552000000000001	13.11200000000008
	0.56	12.08799999999974
	0.568000000000001	10.61199999999985
	0.576000000000001	8.104000000000042
	0.584000000000001	6.784000000000106
	0.592000000000001	5.915999999999713
	0.6	3.240000000000009
	0.608000000000001	3.740000000000236
	0.616	8.415999999999713
	0.624000000000001	11.44000000000051
	0.632	7.359999999999673
	0.640000000000001	4.707999999999856
	0.648	3.656000000000176
	0.656000000000001	7.496000000000095
	0.664	14.53600000000006
	0.672000000000001	12.85200000000032
	0.68	11.19600000000014
	0.688000000000001	9.487999999999829
	0.696	8.763999999999214
	0.704000000000001	6.756000000000313
	0.712	6.97199999999998
	0.720000000000001	8.007999999999811
	0.728	7.400000000000546
	0.736000000000001	8.559999999999718
	0.744	6.423999999999978
	0.752000000000001	6.596000000000231
	0.76	4.991999999999507
	0.768000000000001	7.33600000000024
	0.776	10.03200000000038
	0.784000000000001	10.35199999999986
	0.792	10.45999999999981
	0.800000000000001	10.22800000000007
	0.808	6.652000000000044
	0.816000000000001	10.85199999999986
	0.824	8.516000000000076
	0.832000000000001	5.355999999999767
	0.84	6.192000000000007
	0.848000000000001	6.184000000000196
	0.856	5.5799999999997
	0.864000000000001	4.216000000000122
	0.872	5.484000000000151
	0.880000000000001	8.676000000000386
	0.888	6.071999999999207
	0.896000000000001	4.260000000000218
	0.904	6.628000000000611
	0.912000000000001	9.799999999999727
	0.92	7.899999999999864
	0.928000000000001	8.203999999999724
	0.936	7.259999999999991
	0.944000000000001	6.404000000000224
	0.952	7.164000000000215
	0.960000000000001	9.064000000000078
	0.968	6.63599999999974
	0.976000000000001	6.900000000000091
	0.984	4.835999999999785
	0.992000000000001	3.796000000000049
	1	6.372000000000298
	1.008	11.40399999999977
	1.016	11.89600000000019
	1.024	4.723999999999933
	1.032	4.619999999999891
	1.04	6.763999999999896
	1.048	5.97199999999998
	1.056	7.960000000000264
	1.064	5.179999999999609
	1.072	5.307999999999993
	1.08	3.352000000000317
	1.088	5.708000000000084
	1.096	3.791999999999689
	1.104	3.268000000000029
	1.112	5.660000000000082
	1.12	5.38799999999992
	1.128	6.404000000000451
	1.136	6.843999999999369
	1.144	3.068000000000438
	1.152	5.02399999999966
	1.16	3.764000000000124
	1.168	4.452000000000226
	1.176	6.127999999999702
	1.184	8.236000000000104
	1.192	8.976000000000113
	1.2	6.963999999999942
	1.208	6.335999999999785
	1.216	7.203999999999951
	1.224	5.615999999999985
	1.232	1.299999999999955
	1.24	3.115999999999985
	1.248	3.116000000000213
	1.256	3.712000000000216
	1.264	5.939999999999827
	1.272	7.516000000000076
	1.28	4.960000000000264
	1.288	6.671999999999571
	1.296	5.572000000000116
	1.304	7.652000000000044
	1.312	5.283999999999878
	1.32	4.596000000000004
	1.328	5.75200000000018
	1.336	3.919999999999845
	1.344	3.063999999999851
	1.352	3.884000000000015
	1.36	1.688000000000329
	1.368	6.096000000000004
	1.376	4.263999999999896
	1.384	3.463999999999714
	1.392	4.847999999999956
	1.4	1.684000000000196
	1.408	5.816000000000031
	1.416	5.483999999999924
	1.424	5.100000000000136
	1.432	4.635999999999967
	1.44	2.683999999999969
	1.448	4.456000000000131
	1.456	4.347999999999956
	1.464	8.783999999999878
	1.472	9.544000000000096
	1.48	7.991999999999734
	1.488	4.680000000000064
	1.496	4.360000000000355
	1.504	2.187999999999647
	1.512	4.500000000000227
	1.52	11.48800000000051
	1.528	6.459999999999354
	1.536	3.928000000000338
	1.544	6.371999999999616
	1.552	4.071999999999889
	1.56	4.148000000000138
	1.568	4.508000000000038
	1.576	7.08400000000006
	1.584	6.22400000000016
	1.592	6.920000000000073
	1.6	5.063999999999851
	1.608	3.151999999999816
	1.616	4.55600000000004
	1.624	3.395999999999958
	1.632	3.604000000000042
	1.64	5.77599999999984
	1.648	6.300000000000182
	1.656	8.031999999999925
	1.664	4.940000000000282
	1.672	3.987999999999829
	1.68	5.248000000000047
	1.688	7.827999999999975
	1.696	5.204000000000178
	1.704	5.887999999999693
	1.712	4.924000000000206
	1.72	3.311999999999898
	1.728	3
	1.736	3.659999999999854
	1.744	6.568000000000666
	1.752	6.899999999999409
	1.76	4.112000000000307
	1.768	4.651999999999589
	1.776	3.544000000000324
	1.784	5.299999999999955
	1.792	6.687999999999874
	1.8	3.615999999999758
	1.808	4.384000000000242
	1.816	5.000000000000227
	1.824	5.83199999999988
	1.832	5.188000000000102
	1.84	5.339999999999691
	1.848	3.184000000000196
	1.856	6.33600000000024
	1.864	4.751999999999725
	1.872	3.959999999999809
	1.88	2.16800000000012
	1.888	3.059999999999945
	1.896	0.9880000000000564
	1.904	5.032000000000153
	1.912	5.008000000000038
	1.92	5.255999999999858
	1.928	3.3599999999999
	1.936	1.899999999999864
	1.944	3.464000000000397
	1.952	3.63599999999974
	1.96	3.044000000000096
	1.968	3.344000000000051
	1.976	3.267999999999802
	1.984	1.344000000000051
	1.992	1.920000000000073
	2	2.435999999999922
	2.008	2.700000000000045
	2.016	1.864000000000033
	2.024	1.735999999999876
	2.032	1.720000000000027
	2.04	2.624000000000024
	2.048	2
	2.056	2
	2.064	2.872000000000071
	2.072	2.127999999999929
	2.08	2
	2.088	2
	2.096	2
	2.104	2
	2.112	2
	2.12	3
	2.128	3
	2.136	2.872000000000071
	2.144	3
	2.152	2.127999999999929
	2.16	2
	2.168	2
	2.176	2
	2.184	2.872000000000071
	2.192	2.127999999999929
	2.2	2
	2.208	2
	2.216	2
	2.224	2
	2.232	2
	2.24	2
	2.248	2
