sum_T25_0p42_0		
	-13.8	2.579999999999994
	-13.792	1.860000000000007
	-13.784	2.891999999999995
	-13.776	0
	-13.768	0.9240000000000037
	-13.76	1.075999999999996
	-13.752	0.6720000000000006
	-13.744	2.631999999999999
	-13.736	3.048000000000008
	-13.728	3.063999999999997
	-13.72	0.8839999999999932
	-13.712	0.7000000000000028
	-13.704	0.03200000000000358
	-13.696	2.411999999999999
	-13.688	1.831999999999999
	-13.68	1.299999999999999
	-13.672	2.291999999999994
	-13.664	4.796000000000008
	-13.656	3.824000000000003
	-13.648	3.227999999999994
	-13.64	1.835999999999999
	-13.632	1.768000000000004
	-13.624	1.256
	-13.616	0.9200000000000088
	-13.608	2.655999999999992
	-13.6	2.468000000000004
	-13.592	0.4120000000000061
	-13.584	1.54399999999999
	-13.576	0.4239999999999995
	-13.568	1.924000000000003
	-13.56	1.723999999999993
	-13.552	2.308000000000007
	-13.544	2.059999999999995
	-13.536	3.076000000000001
	-13.528	3.976000000000006
	-13.52	2.991999999999997
	-13.512	2.395999999999987
	-13.504	1.320000000000014
	-13.496	2.91999999999998
	-13.488	2.604000000000013
	-13.48	1.252000000000002
	-13.472	1.332000000000008
	-13.464	4.807999999999986
	-13.456	3.452000000000012
	-13.448	2.835999999999991
	-13.44	2.788000000000004
	-13.432	1.231999999999999
	-13.424	1.671999999999983
	-13.416	5.028000000000013
	-13.408	3.064
	-13.4	1.988000000000007
	-13.392	2.247999999999998
	-13.384	1.283999999999992
	-13.376	2.248000000000012
	-13.368	1.767999999999994
	-13.36	3.835999999999999
	-13.352	2.532000000000018
	-13.344	3.099999999999987
	-13.336	1.171999999999997
	-13.328	1.884000000000007
	-13.32	4.515999999999998
	-13.312	3.936
	-13.304	0.7239999999999966
	-13.296	3.088000000000015
	-13.288	2.695999999999991
	-13.28	2.176000000000016
	-13.272	1.584000000000003
	-13.264	1.891999999999996
	-13.256	2.028000000000006
	-13.248	1.536000000000001
	-13.24	1.327999999999975
	-13.232	2.808000000000007
	-13.224	1.716000000000022
	-13.216	0.7959999999999923
	-13.208	1.643999999999991
	-13.2	2.948000000000008
	-13.192	1.432000000000002
	-13.184	0.9240000000000066
	-13.176	0.8799999999999812
	-13.168	2.464000000000013
	-13.16	1.47199999999998
	-13.152	4.708000000000013
	-13.144	2.140000000000001
	-13.136	2.031999999999982
	-13.128	1.29200000000003
	-13.12	3
	-13.112	3.975999999999971
	-13.104	1.756000000000014
	-13.096	3.108000000000004
	-13.088	3.251999999999995
	-13.08	1.284000000000006
	-13.072	3.451999999999984
	-13.064	0.5880000000000223
	-13.056	0
	-13.048	0
	-13.04	0.7519999999999811
	-13.032	2.248000000000019
	-13.024	0.2759999999999962
	-13.016	0.7240000000000038
	-13.008	0.9399999999999977
	-13	0.06000000000000227
	-12.992	1.147999999999996
	-12.984	1.367999999999995
	-12.976	1.635999999999996
	-12.968	2.456000000000017
	-12.96	2.527999999999992
	-12.952	3.163999999999959
	-12.944	1.700000000000045
	-12.936	3.027999999999977
	-12.928	3.359999999999999
	-12.92	2.060000000000016
	-12.912	1.612000000000009
	-12.904	1.299999999999983
	-12.896	2.27600000000001
	-12.888	3.063999999999979
	-12.88	1.300000000000026
	-12.872	3.223999999999975
	-12.864	3.048000000000002
	-12.856	3.796000000000021
	-12.848	2.171999999999983
	-12.84	1.224000000000018
	-12.832	0.7119999999999891
	-12.824	1.183999999999997
	-12.816	5.543999999999983
	-12.808	2.096000000000032
	-12.8	1.239999999999981
	-12.792	3.283999999999978
	-12.784	2.820000000000036
	-12.776	1.120000000000005
	-12.768	0.5360000000000014
	-12.76	1.032000000000011
	-12.752	2.392000000000024
	-12.744	2.931999999999988
	-12.736	3.744
	-12.728	2.5
	-12.72	4.140000000000015
	-12.712	2.723999999999961
	-12.704	1.652000000000044
	-12.696	4.287999999999982
	-12.688	1.595999999999975
	-12.68	1.632000000000005
	-12.672	1.532000000000039
	-12.664	2.643999999999977
	-12.656	3.803999999999974
	-12.648	2.324000000000041
	-12.64	4.336000000000013
	-12.632	4.919999999999959
	-12.624	1.384000000000015
	-12.616	1.49199999999999
	-12.608	3.768000000000058
	-12.6	6.795999999999964
	-12.592	1.367999999999967
	-12.584	1.04800000000003
	-12.576	1.95199999999997
	-12.568	0.3000000000000114
	-12.56	1
	-12.552	1.348000000000013
	-12.544	2.919999999999987
	-12.536	2.080000000000013
	-12.528	3.444000000000017
	-12.52	1.907999999999959
	-12.512	0.8680000000000234
	-12.504	2.24799999999999
	-12.496	1.555999999999983
	-12.488	0.7920000000000016
	-12.48	2.732000000000028
	-12.472	3.015999999999991
	-12.464	1.848000000000013
	-12.456	5.083999999999975
	-12.448	3.240000000000038
	-12.44	5.591999999999985
	-12.432	2.539999999999992
	-12.424	0.9799999999999898
	-12.416	3.683999999999997
	-12.408	1.819999999999993
	-12.4	1.231999999999999
	-12.392	4.248000000000019
	-12.384	5.280000000000001
	-12.376	2.687999999999988
	-12.368	2.364000000000033
	-12.36	1.95599999999996
	-12.352	0.5320000000000107
	-12.344	2.072000000000031
	-12.336	3.695999999999998
	-12.328	2.839999999999975
	-12.32	1.544000000000011
	-12.312	1.547999999999973
	-12.304	0
	-12.296	1.292000000000002
	-12.288	1.00800000000001
	-12.28	1.163999999999987
	-12.272	4.360000000000042
	-12.264	4.644000000000005
	-12.256	7.867999999999995
	-12.248	5.012
	-12.24	2.827999999999975
	-12.232	3.144000000000005
	-12.224	0.97199999999998
	-12.216	1.668000000000035
	-12.208	1.399999999999977
	-12.2	0.671999999999997
	-12.192	1.268000000000001
	-12.184	3.632000000000005
	-12.176	3.412000000000006
	-12.168	2.184000000000026
	-12.16	2.471999999999952
	-12.152	0.2920000000000016
	-12.144	1.668000000000006
	-12.136	1.592000000000013
	-12.128	0.4479999999999791
	-12.12	0.5160000000000196
	-12.112	2.275999999999982
	-12.104	0.724000000000018
	-12.096	3.03600000000003
	-12.088	4.47199999999998
	-12.08	2.400000000000006
	-12.072	1.091999999999985
	-12.064	0.7760000000000105
	-12.056	2.324000000000012
	-12.048	2.159999999999968
	-12.04	2.044000000000011
	-12.032	1.872000000000014
	-12.024	1.307999999999964
	-12.016	1.07600000000005
	-12.008	2.27600000000001
	-12	2.46399999999997
	-11.992	3.51600000000002
	-11.984	3.48399999999998
	-11.976	3.204000000000008
	-11.968	1.755999999999972
	-11.96	0.8720000000000141
	-11.952	1.548000000000002
	-11.944	1.803999999999974
	-11.936	0.5160000000000196
	-11.928	1.872000000000014
	-11.92	3.172000000000025
	-11.912	3.491999999999962
	-11.904	2.80400000000003
	-11.896	1.175999999999988
	-11.888	1.843999999999994
	-11.88	1.123999999999967
	-11.872	1.29200000000003
	-11.864	1.259999999999991
	-11.856	3.740000000000038
	-11.848	1.643999999999977
	-11.84	3.843999999999994
	-11.832	2.21999999999997
	-11.824	1.944000000000074
	-11.816	3.571999999999974
	-11.808	3.655999999999977
	-11.8	3.23599999999999
	-11.792	1.531999999999982
	-11.784	2.004000000000076
	-11.776	3.107999999999947
	-11.768	2.123999999999967
	-11.76	3.176000000000016
	-11.752	3.652000000000044
	-11.744	3.663999999999959
	-11.736	0.8480000000000132
	-11.728	1.156000000000006
	-11.72	2.196000000000026
	-11.712	1.899999999999977
	-11.704	1.524000000000001
	-11.696	1.635999999999967
	-11.688	3.352000000000032
	-11.68	3.564000000000021
	-11.672	1.155999999999949
	-11.664	1.044000000000096
	-11.656	2.955999999999904
	-11.648	0.5520000000000209
	-11.64	3.331999999999994
	-11.632	2.632000000000005
	-11.624	1.731999999999971
	-11.616	1.380000000000052
	-11.608	5.204000000000065
	-11.6	5.035999999999945
	-11.592	3.124000000000024
	-11.584	1.771999999999935
	-11.576	5.256000000000029
	-11.568	3.788000000000011
	-11.56	3.19199999999995
	-11.552	4.460000000000036
	-11.544	1.899999999999977
	-11.536	0.6399999999999864
	-11.528	3.228000000000009
	-11.52	4.380000000000052
	-11.512	4.936000000000035
	-11.504	3.483999999999924
	-11.496	0.97199999999998
	-11.488	0.4639999999999986
	-11.48	0.7119999999999891
	-11.472	1.400000000000034
	-11.464	1.076000000000022
	-11.456	1.647999999999968
	-11.448	1.732000000000028
	-11.44	2.832000000000107
	-11.432	5.231999999999914
	-11.424	3.091999999999985
	-11.416	0.811999999999955
	-11.408	1.248000000000047
	-11.4	1.44399999999996
	-11.392	2.940000000000055
	-11.384	0.3999999999999773
	-11.376	4.77600000000001
	-11.368	3.508000000000038
	-11.36	3.199999999999932
	-11.352	2.636000000000024
	-11.344	3.279999999999973
	-11.336	0.8439999999999941
	-11.328	2.664000000000044
	-11.32	3.939999999999941
	-11.312	2.584000000000003
	-11.304	2.960000000000036
	-11.296	0.8759999999999764
	-11.288	2.984000000000037
	-11.28	1.867999999999995
	-11.272	0.8479999999999563
	-11.264	0.7680000000000291
	-11.256	2.331999999999994
	-11.248	2.26400000000001
	-11.24	3.228000000000065
	-11.232	1.183999999999912
	-11.224	2.052000000000021
	-11.216	1.171999999999969
	-11.208	1.54000000000002
	-11.2	1.73599999999999
	-11.192	3.27600000000001
	-11.184	3.048000000000002
	-11.176	3.115999999999985
	-11.168	3.812000000000012
	-11.16	1.935999999999979
	-11.152	1.636000000000081
	-11.144	2.675999999999931
	-11.136	1.204000000000008
	-11.128	1.788000000000011
	-11.12	0.5919999999999845
	-11.112	2.52800000000002
	-11.104	2.536000000000001
	-11.096	3.088000000000022
	-11.088	3.55600000000004
	-11.08	2.371999999999957
	-11.072	1.852000000000032
	-11.064	3.263999999999953
	-11.056	2.716000000000008
	-11.048	2.19199999999995
	-11.04	4.476000000000056
	-11.032	2.715999999999951
	-11.024	3.584000000000003
	-11.016	2.51600000000002
	-11.008	1.27600000000001
	-11	2.259999999999934
	-10.992	2.464000000000055
	-10.984	3.05600000000004
	-10.976	0.9279999999999404
	-10.968	4.831999999999994
	-10.96	4.136000000000024
	-10.952	2.291999999999973
	-10.944	2.560000000000059
	-10.936	3.619999999999948
	-10.928	2.372000000000014
	-10.92	3.632000000000005
	-10.912	3.232000000000028
	-10.904	0.5839999999999463
	-10.896	2.352000000000032
	-10.888	4.01600000000002
	-10.88	6.096000000000004
	-10.872	3.387999999999977
	-10.864	1.108000000000004
	-10.856	0.5039999999999623
	-10.848	1.208000000000027
	-10.84	3.867999999999995
	-10.832	2.520000000000039
	-10.824	3.075999999999965
	-10.816	4.004000000000019
	-10.808	3.323999999999955
	-10.8	4.38800000000009
	-10.792	2.323999999999955
	-10.784	1.823999999999955
	-10.776	1.816000000000031
	-10.768	4.216000000000122
	-10.76	6.247999999999877
	-10.752	3.112000000000023
	-10.744	2.947999999999979
	-10.736	3.915999999999997
	-10.728	3.915999999999997
	-10.72	2.496000000000038
	-10.712	3.103999999999928
	-10.704	2.740000000000066
	-10.696	3.571999999999946
	-10.688	1.451999999999998
	-10.68	3.248000000000047
	-10.672	1.507999999999981
	-10.664	2.43199999999996
	-10.656	1.592000000000041
	-10.648	1.23599999999999
	-10.64	2.352000000000032
	-10.632	3.368000000000052
	-10.624	2.727999999999895
	-10.616	2.016000000000076
	-10.608	2.859999999999957
	-10.6	2.484000000000037
	-10.592	6.080000000000098
	-10.584	2.135999999999854
	-10.576	2.315999999999974
	-10.568	0.8840000000000146
	-10.56	3.128000000000043
	-10.552	1.923999999999978
	-10.544	1.767999999999972
	-10.536	1.036000000000058
	-10.528	4.923999999999978
	-10.52	3.079999999999984
	-10.512	3.552000000000021
	-10.504	2.587999999999965
	-10.496	1.680000000000064
	-10.488	4.936000000000035
	-10.48	3.959999999999923
	-10.472	3.680000000000007
	-10.464	1.72399999999999
	-10.456	1.243999999999971
	-10.448	0.1759999999999877
	-10.44	2.30800000000005
	-10.432	4.391999999999996
	-10.424	5.588000000000079
	-10.416	6.171999999999969
	-10.408	5.80400000000003
	-10.4	1.055999999999926
	-10.392	2.680000000000064
	-10.384	1.823999999999899
	-10.376	2.668000000000063
	-10.368	2.671999999999969
	-10.36	4.164000000000044
	-10.352	4.187999999999988
	-10.344	4.80800000000005
	-10.336	4.09599999999989
	-10.328	1.748000000000047
	-10.32	2.975999999999999
	-10.312	1.791999999999973
	-10.304	1.28000000000003
	-10.296	3.607999999999947
	-10.288	1.628000000000043
	-10.28	2.439999999999998
	-10.272	5.54400000000004
	-10.264	3.72399999999999
	-10.256	3.180000000000007
	-10.248	4.103999999999985
	-10.24	2.803999999999974
	-10.232	3.460000000000036
	-10.224	2.867999999999938
	-10.216	4.452000000000112
	-10.208	4.463999999999942
	-10.2	3.73599999999999
	-10.192	3.995999999999981
	-10.184	3.843999999999994
	-10.176	3.008000000000038
	-10.168	1.70799999999997
	-10.16	1.54000000000002
	-10.152	4.283999999999935
	-10.144	1.164000000000044
	-10.136	3.672000000000025
	-10.128	2.92799999999994
	-10.12	4.252000000000066
	-10.112	5.968000000000018
	-10.104	2.45599999999996
	-10.096	0.7759999999999536
	-10.088	1.592000000000041
	-10.08	2.043999999999983
	-10.072	3.960000000000036
	-10.064	1.843999999999994
	-10.056	2.151999999999987
	-10.048	3.075999999999965
	-10.04	2.22399999999999
	-10.032	0.8480000000000132
	-10.024	3.976000000000056
	-10.016	1.819999999999936
	-10.008	3.984000000000037
	-10	2.115999999999929
	-9.992	0.3960000000000719
	-9.984	4.452000000000055
	-9.976	4.291999999999973
	-9.968	5.184000000000026
	-9.96	5.579999999999927
	-9.952	3.92799999999994
	-9.944	3.644000000000005
	-9.936	1.896000000000072
	-9.928	3.491999999999962
	-9.92	5.94399999999996
	-9.912	2.748000000000047
	-9.904	1.408000000000015
	-9.896	3.376000000000147
	-9.888	3.031999999999982
	-9.88	1.539999999999964
	-9.872	3.896000000000072
	-9.864	5.819999999999993
	-9.856	3.335999999999956
	-9.848	4.548000000000002
	-9.84	1.427999999999997
	-9.832	5.619999999999834
	-9.824	5.752000000000123
	-9.816	1.412000000000035
	-9.808	2.199999999999932
	-9.8	5.820000000000107
	-9.792	3.892000000000053
	-9.784	7.623999999999739
	-9.776	4.152000000000271
	-9.768	3.503999999999905
	-9.76	3.187999999999874
	-9.752	3.996000000000095
	-9.744	3.408000000000072
	-9.736	3.523999999999944
	-9.728	6.548000000000116
	-9.72	6.79200000000003
	-9.712	4.735999999999819
	-9.704	1.039999999999964
	-9.696	3.632000000000119
	-9.688	3.235999999999933
	-9.68	4.447999999999865
	-9.672	5.728000000000179
	-9.664	4.107999999999947
	-9.656	6.631999999999948
	-9.648	4.900000000000091
	-9.64	2.355999999999995
	-9.632	2.716000000000008
	-9.624	2.107999999999947
	-9.616	1.259999999999991
	-9.608	3.860000000000014
	-9.6	1.591999999999985
	-9.592	2.871999999999957
	-9.584	3.260000000000105
	-9.576	4.767999999999915
	-9.568	5.856000000000108
	-9.56	3.811999999999784
	-9.552	5.876000000000204
	-9.544	2.263999999999896
	-9.536	4.172000000000025
	-9.528	4.05600000000004
	-9.52	3.908000000000015
	-9.512	4.759999999999991
	-9.504	6.039999999999964
	-9.496	5.092000000000098
	-9.488	3.591999999999871
	-9.48	4.55600000000004
	-9.472	3.384000000000015
	-9.464	5.192000000000121
	-9.456	5.015999999999849
	-9.448	5.076000000000022
	-9.44	10.50000000000011
	-9.432	7.495999999999981
	-9.424	1.935999999999922
	-9.416	3.819999999999936
	-9.408	4.352000000000089
	-9.4	4.987999999999943
	-9.392	4.05600000000004
	-9.384	2.97199999999998
	-9.376	5.355999999999881
	-9.368	6.96000000000015
	-9.36	4.596000000000004
	-9.352	9.576000000000136
	-9.344	7.891999999999712
	-9.336	5.288000000000125
	-9.328	5.615999999999985
	-9.32	4.816000000000031
	-9.312	5.304000000000087
	-9.304	6.635999999999967
	-9.296	6.139999999999986
	-9.288	2.615999999999985
	-9.28	6.579999999999927
	-9.272	6.867999999999938
	-9.264	6.17999999999995
	-9.256	6.440000000000055
	-9.248	5.468000000000075
	-9.24	6.259999999999764
	-9.232	4.928000000000225
	-9.224	5.355999999999995
	-9.216	6.172000000000139
	-9.208	6.864000000000033
	-9.2	5.211999999999762
	-9.192	7.508000000000038
	-9.184	2.464000000000055
	-9.176	5.324000000000069
	-9.168	3.763999999999896
	-9.16	6.783999999999992
	-9.152	5.356000000000108
	-9.144	4.035999999999945
	-9.136	6.083999999999946
	-9.128	8.624000000000024
	-9.12	4.504000000000019
	-9.112	5.976000000000113
	-9.104	6.423999999999864
	-9.096	9.768000000000143
	-9.088	8.872000000000071
	-9.08	4.075999999999908
	-9.072	5.855999999999881
	-9.064	3.524000000000115
	-9.056	10.00399999999991
	-9.048	4.908000000000015
	-9.04	5.243999999999915
	-9.032	9.336000000000126
	-9.024	8.512000000000057
	-9.016	6.063999999999965
	-9.008	5.42799999999977
	-9	5.596000000000117
	-8.992	8.655999999999949
	-8.984	6.456000000000017
	-8.976	5.680000000000291
	-8.968	8.995999999999867
	-8.96	9.851999999999975
	-8.952	6.97199999999998
	-8.944	5.947999999999979
	-8.936	11.42000000000019
	-8.928	5.66399999999976
	-8.92	4.412000000000148
	-8.912	5.23599999999999
	-8.904	6.291999999999803
	-8.896	4.636000000000081
	-8.888	6.364000000000146
	-8.88	10.58399999999995
	-8.872	9.919999999999845
	-8.864	9.612000000000194
	-8.856	8.46000000000015
	-8.848	6.703999999999724
	-8.84	9.143999999999892
	-8.832	5.656000000000063
	-8.824	9.288000000000125
	-8.816	7.579999999999927
	-8.808	6.47199999999998
	-8.8	7.720000000000141
	-8.792	8.447999999999979
	-8.784	5.951999999999771
	-8.776	9.032000000000153
	-8.768	12.33600000000001
	-8.76	7.327999999999861
	-8.752	12.29200000000026
	-8.744	10.69599999999991
	-8.736	8.851999999999862
	-8.728	7.100000000000136
	-8.72	13.81599999999992
	-8.712	6.272000000000048
	-8.704	6.163999999999987
	-8.696	9.059999999999945
	-8.688	8.416000000000167
	-8.68	7.655999999999949
	-8.672	5.439999999999941
	-8.664	7.240000000000009
	-8.656	12.86800000000017
	-8.648	6.335999999999785
	-8.64	6.960000000000036
	-8.632	6.659999999999968
	-8.624	8.687999999999874
	-8.616	10.50000000000011
	-8.608	9.704000000000065
	-8.6	7.975999999999885
	-8.592	4.648000000000138
	-8.584	3.339999999999918
	-8.576	5.155999999999949
	-8.568	6.348000000000184
	-8.56	7.707999999999856
	-8.552	9.635999999999967
	-8.544	9.6400000000001
	-8.536	7.559999999999718
	-8.528	12.25200000000018
	-8.52	8.336000000000126
	-8.512	14.74799999999993
	-8.504	10.25999999999999
	-8.496	12.63999999999987
	-8.488	11.36799999999994
	-8.48	11.34800000000018
	-8.472	8.672000000000025
	-8.464	8.611999999999853
	-8.456	8.14400000000046
	-8.448	13.05999999999983
	-8.44	8.343999999999824
	-8.432	13.20000000000039
	-8.424	8.263999999999669
	-8.416	10.34400000000005
	-8.408	8.263999999999896
	-8.4	9.05600000000004
	-8.392	9.547999999999888
	-8.384	8.34800000000007
	-8.376	9.132000000000176
	-8.368	11.89199999999994
	-8.36	8.59599999999989
	-8.352	9.168000000000006
	-8.344	6.724000000000046
	-8.336	11.57600000000002
	-8.328	13.928
	-8.32	8.407999999999902
	-8.312	13.048
	-8.304	14.05600000000004
	-8.296	9.364000000000146
	-8.288	11.10000000000002
	-8.28	18.39200000000005
	-8.272	11.05199999999979
	-8.264	10.15600000000006
	-8.256	12.24399999999991
	-8.248	10.67599999999993
	-8.24	12.19200000000023
	-8.232	12.11999999999989
	-8.224	10.45999999999992
	-8.216	6.70799999999997
	-8.208	13.44000000000017
	-8.2	15.09199999999998
	-8.192	7.692000000000121
	-8.184	9.17999999999995
	-8.176	9.851999999999748
	-8.168	10.92399999999998
	-8.16	7.375999999999863
	-8.152	17.53200000000015
	-8.144	13.40000000000009
	-8.136	12.43599999999992
	-8.128	8.776000000000181
	-8.12	16.5680000000001
	-8.112	14.91199999999992
	-8.104	11.77200000000005
	-8.096	17.28399999999999
	-8.088	14.59199999999998
	-8.08	10.5559999999997
	-8.072	8.15600000000029
	-8.064	14.75999999999988
	-8.056	13.89999999999986
	-8.048	14.56000000000017
	-8.04	15.33600000000035
	-8.032	13.31599999999969
	-8.024	16.08800000000008
	-8.016	17.3119999999999
	-8.008	13.0440000000001
	-8	10.18399999999986
	-7.992	10.36799999999994
	-7.984	12.64799999999991
	-7.976	11.18400000000031
	-7.968	12.02799999999979
	-7.96	13.25600000000031
	-7.952	15.86800000000005
	-7.944	18.61999999999966
	-7.936	14.1880000000001
	-7.928	13.48000000000002
	-7.92	11.46799999999996
	-7.912	17.50400000000002
	-7.904	18.53999999999996
	-7.896	17.48799999999994
	-7.888	14.72000000000003
	-7.88	17.12800000000016
	-7.872	17.25599999999997
	-7.864	15.97199999999987
	-7.856	10.7879999999999
	-7.848	8.604000000000156
	-7.84	14.71600000000012
	-7.832	20.63999999999999
	-7.824	14.4079999999999
	-7.816	14.60399999999993
	-7.808	17.46800000000007
	-7.8	15.99599999999998
	-7.792	16.93999999999994
	-7.784	16.25999999999999
	-7.776	12.15600000000018
	-7.768	9.479999999999791
	-7.76	17.60400000000016
	-7.752	14.14400000000001
	-7.744	10.15199999999993
	-7.736	12.928
	-7.728	13.03199999999993
	-7.72	18.52400000000023
	-7.712	18.60799999999972
	-7.704	13.31200000000024
	-7.696	21.78799999999978
	-7.688	23.20000000000016
	-7.68	20.46000000000026
	-7.672	15.31199999999956
	-7.664	13.58800000000031
	-7.656	17.14400000000012
	-7.648	19.40799999999979
	-7.64	12.50399999999991
	-7.632	18.50000000000011
	-7.624	21.53599999999983
	-7.616	12.41600000000005
	-7.608	15.96800000000019
	-7.6	18.30799999999988
	-7.592	16.91199999999992
	-7.584	18.86400000000003
	-7.576	26.34399999999994
	-7.568	23.36000000000001
	-7.56	22.69200000000001
	-7.552	15.46800000000007
	-7.544	24.05200000000036
	-7.536	25.79999999999973
	-7.528	20.78399999999999
	-7.52	25.61199999999985
	-7.512	25.34000000000003
	-7.504	17.35599999999999
	-7.496	25.67200000000003
	-7.488	24.66799999999989
	-7.48	23.91600000000005
	-7.472	20.87999999999988
	-7.464	23.46399999999971
	-7.456	32.15200000000073
	-7.448	28.87199999999984
	-7.44	21.65599999999995
	-7.432	25.33200000000022
	-7.424	21.54799999999977
	-7.416	26.49599999999998
	-7.408	21.4559999999999
	-7.4	23.85200000000032
	-7.392	29.17599999999959
	-7.384	32.97600000000034
	-7.376	26.20799999999986
	-7.368	25.6880000000001
	-7.36	26.14399999999978
	-7.352	30.38800000000015
	-7.344	30.81200000000024
	-7.336	33.54399999999976
	-7.328	29.27200000000005
	-7.32	20.74799999999982
	-7.312	23.25200000000029
	-7.304	25.22000000000003
	-7.296	22.60399999999981
	-7.288	24.58000000000004
	-7.28	28.23599999999988
	-7.272	23.85600000000022
	-7.264	28.88400000000024
	-7.256	34.47999999999979
	-7.248	31.37599999999986
	-7.24	36.31200000000013
	-7.232	33.14399999999989
	-7.224	30.93600000000004
	-7.216	24.36799999999971
	-7.208	26.9839999999997
	-7.2	38.06800000000021
	-7.192	32.45200000000057
	-7.184	30.77199999999971
	-7.176	31.86799999999982
	-7.168	37.40800000000013
	-7.16	37.48000000000047
	-7.152	27.65599999999961
	-7.144	32.41200000000003
	-7.136	34.20799999999997
	-7.128	38.51600000000042
	-7.12	38.11199999999951
	-7.112	36.32400000000018
	-7.104	28.85999999999967
	-7.096	28.40800000000024
	-7.088	35.38400000000001
	-7.08	28.75200000000007
	-7.072	32.49199999999973
	-7.064	31.00400000000059
	-7.056	27.35999999999979
	-7.048	37.62399999999991
	-7.04	31.8439999999996
	-7.032	36.69600000000037
	-7.024	37.1239999999998
	-7.016	33.83600000000024
	-7.008	42.1239999999998
	-7	37.60400000000004
	-6.992	40.24400000000003
	-6.984	38.65200000000038
	-6.976	44.45999999999992
	-6.968	37.7999999999995
	-6.96	30.52399999999989
	-6.952	34.92800000000045
	-6.944	43.33999999999992
	-6.936	38.06400000000019
	-6.928	41.02799999999979
	-6.92	43.65199999999982
	-6.912	46.78800000000024
	-6.904	47.82799999999975
	-6.896	44.64800000000002
	-6.888	41.95600000000013
	-6.88	34.43200000000013
	-6.872	32.35999999999979
	-6.864	30.3240000000003
	-6.856	33.39999999999941
	-6.848	37.00400000000047
	-6.84	49.84400000000051
	-6.832	42.80799999999988
	-6.824	42.25199999999984
	-6.816	42.32399999999927
	-6.808	35.60400000000084
	-6.8	39.48399999999936
	-6.792	41.45200000000023
	-6.784	36.53200000000015
	-6.776	47.70000000000027
	-6.768	40.91999999999939
	-6.76	38.64400000000035
	-6.752	39.18400000000031
	-6.744	38.23599999999999
	-6.736	41.80399999999918
	-6.728	41.53200000000072
	-6.72	30.93999999999949
	-6.712	32.33600000000069
	-6.704	37.76799999999946
	-6.696	43.73199999999997
	-6.688	38.62
	-6.68	32.29600000000039
	-6.672	41.93600000000004
	-6.664	43.10799999999949
	-6.656	41.87199999999984
	-6.648	46.72000000000048
	-6.64	36.61600000000021
	-6.632	40.81999999999971
	-6.624	53.96000000000004
	-6.616	49.36799999999994
	-6.608	49.01999999999975
	-6.6	47.65600000000006
	-6.592	37.42800000000034
	-6.584	45.69999999999948
	-6.576	51.94400000000053
	-6.568	39.24399999999969
	-6.56	47.49599999999975
	-6.552	37.64800000000048
	-6.544	36.04799999999977
	-6.536	45.77600000000052
	-6.528	42.85599999999931
	-6.52	42.29200000000026
	-6.512	32.9319999999999
	-6.504	39.57600000000048
	-6.496	42.01199999999972
	-6.488	48.32799999999986
	-6.48	46.8359999999999
	-6.472	50.10400000000004
	-6.464	47.47600000000045
	-6.456	41.66799999999989
	-6.448	41.98800000000017
	-6.44	53.0199999999993
	-6.432	44.27200000000028
	-6.424	32.27599999999995
	-6.416	43.56000000000029
	-6.408	38.43599999999958
	-6.4	43.93200000000024
	-6.392	34.26399999999956
	-6.384	44.18400000000065
	-6.376	46.21600000000012
	-6.368	37.3999999999993
	-6.36	36.24000000000058
	-6.352	58.53200000000038
	-6.344	48.02399999999921
	-6.336	40.14400000000001
	-6.328	40.00400000000036
	-6.32	44.84399999999982
	-6.312	51.34000000000026
	-6.304	44.75599999999963
	-6.296	41.08800000000042
	-6.288	42.18799999999931
	-6.28	38.06400000000053
	-6.272	45.60799999999961
	-6.264	42.83600000000013
	-6.256	39.89200000000028
	-6.248	46.26800000000026
	-6.24	46.85199999999963
	-6.232	39.13600000000042
	-6.224	48.87599999999941
	-6.216	57.2600000000001
	-6.208	49.3720000000003
	-6.2	47.04399999999964
	-6.192	39.1880000000001
	-6.184	41.67999999999972
	-6.176	42.6040000000005
	-6.168	44.47599999999966
	-6.16	51.15600000000006
	-6.152	52.41999999999973
	-6.144	54.26400000000058
	-6.136	46.70799999999986
	-6.128	49.82800000000032
	-6.12	52.19600000000003
	-6.112	49.21599999999933
	-6.104	46.4080000000007
	-6.096	51.25999999999965
	-6.088	55.15599999999949
	-6.08	45.83600000000013
	-6.072	41.92799999999977
	-6.064	47.55200000000059
	-6.056	51.6719999999998
	-6.048	43.27200000000005
	-6.04	41.27599999999984
	-6.032	40.74400000000026
	-6.024	51.24000000000001
	-6.016	46.51200000000028
	-6.008	35.66799999999967
	-6	43.17999999999995
	-5.992	37.71599999999989
	-5.984	48.23600000000044
	-5.976	48.15599999999961
	-5.968	43.88
	-5.96	48.49200000000042
	-5.952	47.78399999999954
	-5.944	41.9799999999999
	-5.936	44.40399999999988
	-5.928	46.59600000000023
	-5.92	55.00800000000004
	-5.912	46.42000000000019
	-5.904	49.72800000000018
	-5.896	58.06799999999976
	-5.888	52.21199999999965
	-5.88	48.25200000000052
	-5.872	49.50400000000047
	-5.864	63.80000000000052
	-5.856	48.52799999999843
	-5.848	41.58000000000084
	-5.84	39.81600000000014
	-5.832	42.98399999999936
	-5.824	47.8520000000002
	-5.816	44.07599999999968
	-5.808	61.04800000000057
	-5.8	53.86399999999969
	-5.792	55.18000000000063
	-5.784	48.99199999999973
	-5.776	48.98400000000061
	-5.768	52.2999999999995
	-5.76	48.66399999999987
	-5.752	51.47599999999943
	-5.744	52.51599999999996
	-5.736	51.84400000000028
	-5.728	55.08800000000008
	-5.72	51.48400000000026
	-5.712	50.55599999999981
	-5.704	62.22000000000003
	-5.696	58.20799999999997
	-5.688	50.86800000000005
	-5.68	46.39999999999952
	-5.672	48.08400000000074
	-5.664	46.01199999999949
	-5.656	56.00000000000068
	-5.648	51.95599999999979
	-5.64	61.3600000000007
	-5.632	54.53999999999905
	-5.624	52.02800000000036
	-5.616	49.6160000000001
	-5.608	40.97999999999945
	-5.6	46.62400000000014
	-5.592	60.56000000000029
	-5.584	50.41199999999913
	-5.576	48.15200000000027
	-5.568	56.93600000000038
	-5.56	51.84400000000005
	-5.552	43.19200000000001
	-5.544	37.54800000000023
	-5.536	46.38399999999956
	-5.528	58.44400000000087
	-5.52	45.55599999999936
	-5.512	49.54800000000068
	-5.504	49.77199999999903
	-5.496	58.44000000000028
	-5.488	52.36400000000003
	-5.48	46.06800000000021
	-5.472	40.00799999999867
	-5.464	46.07600000000161
	-5.456	49.30399999999963
	-5.448	45.84400000000005
	-5.44	46.83999999999901
	-5.432	53.56800000000067
	-5.424	42.17599999999993
	-5.416	44.61200000000031
	-5.408	49.8439999999996
	-5.4	47.34400000000005
	-5.392	44.96400000000017
	-5.384	50.81600000000162
	-5.376	38.47599999999807
	-5.368	44.05600000000049
	-5.36	52.80000000000041
	-5.352	53.20000000000005
	-5.344	58.07999999999856
	-5.336	54.48400000000061
	-5.328	55.13200000000029
	-5.32	45.17600000000016
	-5.312	46.76399999999967
	-5.304	45.84800000000041
	-5.296	48.62000000000012
	-5.288	54.77599999999984
	-5.28	48.26400000000012
	-5.272	47.29199999999992
	-5.264	48.98800000000028
	-5.256	48.18799999999874
	-5.248	52.27600000000075
	-5.24	48.43599999999969
	-5.232	38.74000000000046
	-5.224	38.97599999999966
	-5.216	41.68000000000052
	-5.208	46.91599999999926
	-5.2	55.87600000000066
	-5.192	44.91600000000017
	-5.184	48.29999999999973
	-5.176	45.19200000000023
	-5.168	36.28799999999956
	-5.16	36.94799999999873
	-5.152	54.79600000000141
	-5.144	59.10399999999936
	-5.136	57.62000000000057
	-5.128	41.47200000000066
	-5.12	36.69999999999959
	-5.112	49.23999999999978
	-5.104	43.08000000000038
	-5.096	39.78399999999897
	-5.088	52.86400000000094
	-5.08	46.62400000000025
	-5.072	44.14399999999932
	-5.064	45.43599999999969
	-5.056	46.24000000000024
	-5.048	46.99600000000055
	-5.04	51.10399999999913
	-5.032	51.50800000000072
	-5.024	43.59199999999942
	-5.016	48.39599999999928
	-5.008	45.27600000000075
	-5	43.53599999999983
	-4.992	47.51200000000108
	-4.984	45.01599999999962
	-4.976	39.64399999999955
	-4.968	42.67599999999993
	-4.96	52.43600000000083
	-4.952	47.548
	-4.944	42.58799999999883
	-4.936	43.67200000000093
	-4.928	45.99199999999973
	-4.92	44.72399999999948
	-4.912	41.56399999999985
	-4.904	43.63999999999987
	-4.896	52.94800000000032
	-4.888	56.0280000000007
	-4.88	46.16799999999967
	-4.872	36.26399999999944
	-4.864	36.36399999999981
	-4.856	44.59200000000055
	-4.848	51.05599999999981
	-4.84	45.68000000000052
	-4.832	46.85599999999909
	-4.824	42.63600000000201
	-4.816	41.60399999999981
	-4.808	48.18399999999951
	-4.8	51.95999999999958
	-4.792	49.40800000000013
	-4.784	39.90399999999954
	-4.776	48.72000000000025
	-4.768	47.81600000000049
	-4.76	44.09999999999923
	-4.752	42.58400000000051
	-4.744	55.55199999999968
	-4.736	50.31600000000026
	-4.728	49.87599999999952
	-4.72	51.36799999999994
	-4.712	49.97600000000057
	-4.704	47.51199999999994
	-4.696	47.25200000000041
	-4.688	46.93200000000002
	-4.68	46.77199999999948
	-4.672	45.41599999999971
	-4.664	47.86799999999994
	-4.656	41.1239999999998
	-4.648	39.29999999999973
	-4.64	43.30000000000064
	-4.632	41.72400000000039
	-4.624	42.57199999999898
	-4.616	46.18800000000056
	-4.608	47.62000000000035
	-4.6	53.12800000000061
	-4.592	48.61199999999894
	-4.584	53.59999999999991
	-4.576	43.30000000000041
	-4.568	40.99600000000009
	-4.56	43.13599999999929
	-4.552	46.27199999999993
	-4.544	48.28000000000065
	-4.536	44.10399999999981
	-4.528	42.8159999999998
	-4.52	44.36000000000013
	-4.512	47.03199999999993
	-4.504	36.20399999999995
	-4.496	39.06800000000021
	-4.488	50.0160000000003
	-4.48	45.7320000000002
	-4.472	50.37599999999952
	-4.464	41.0440000000001
	-4.456	48.21199999999999
	-4.448	49.53999999999974
	-4.44	45.53600000000074
	-4.432	38.22800000000029
	-4.424	34.82399999999961
	-4.416	47.96799999999917
	-4.408	61.32800000000066
	-4.4	44.30399999999941
	-4.392	49.59999999999945
	-4.384	53.73200000000088
	-4.376	41.66800000000057
	-4.368	38.81999999999948
	-4.36	42.28400000000033
	-4.352	46.83200000000079
	-4.344	43.03599999999938
	-4.336	40.17999999999961
	-4.328	43.3159999999998
	-4.32	46.61600000000044
	-4.312	42.63999999999942
	-4.304	38.91999999999962
	-4.296	50.98400000000083
	-4.288	28.54799999999932
	-4.28	35.82800000000088
	-4.272	42.58799999999951
	-4.264	42.00400000000059
	-4.256	35.65200000000027
	-4.248	35.03599999999938
	-4.24	50.14800000000014
	-4.232	42.8919999999996
	-4.224	44.18800000000033
	-4.216	36.25999999999908
	-4.208	40.11200000000031
	-4.2	39.09200000000055
	-4.192	35.91999999999985
	-4.184	35.33200000000011
	-4.176	36.33999999999946
	-4.168	39.61200000000008
	-4.16	38.90800000000036
	-4.152	39.04799999999955
	-4.144	37.75600000000031
	-4.136	32.68799999999987
	-4.128	41.18400000000111
	-4.12	44.39999999999895
	-4.112	50.25600000000122
	-4.104	32.49999999999886
	-4.096	38.33999999999992
	-4.088	49.3959999999995
	-4.08	37.8960000000011
	-4.072	40.28799999999978
	-4.064	44.78799999999933
	-4.056	52.55200000000036
	-4.048	38.97200000000043
	-4.04	35.05999999999881
	-4.032	37.81200000000126
	-4.024	33.73599999999942
	-4.016	39.48400000000015
	-4.008	36.42800000000011
	-4	33.05200000000013
	-3.992	35.33999999999946
	-3.984	38.19200000000046
	-3.976	41.0639999999994
	-3.968	46.69200000000114
	-3.96	40.23599999999988
	-3.952	37.32799999999884
	-3.944	52.13600000000156
	-3.936	37.45199999999818
	-3.928	45.33200000000079
	-3.92	41.82800000000043
	-3.912	40.30399999999986
	-3.904	40.6719999999998
	-3.896	38.99999999999955
	-3.888	35.11599999999999
	-3.88	33.54000000000042
	-3.872	38.70799999999986
	-3.864	42.06400000000076
	-3.856	41.12399999999934
	-3.848	34.29999999999973
	-3.84	42.07200000000034
	-3.832	38.06799999999998
	-3.824	43.83200000000079
	-3.816	42.63199999999961
	-3.808	32.82399999999939
	-3.8	33.94399999999951
	-3.792	36.56400000000031
	-3.784	36.80000000000018
	-3.776	36.30000000000041
	-3.768	34.08399999999938
	-3.76	35.3400000000006
	-3.752	36.77199999999948
	-3.744	36.72800000000052
	-3.736	30.35599999999977
	-3.728	30.3760000000002
	-3.72	29.36799999999994
	-3.712	31.69999999999959
	-3.704	43.31200000000058
	-3.696	41.68399999999974
	-3.688	38.52399999999989
	-3.68	32.22400000000039
	-3.672	36.20799999999963
	-3.664	35.6880000000001
	-3.656	29.00799999999981
	-3.648	33.05200000000036
	-3.64	37.64400000000023
	-3.632	41.05599999999981
	-3.624	32.81999999999971
	-3.616	26.86399999999981
	-3.608	34.06000000000063
	-3.6	32.87199999999939
	-3.592	34.90400000000068
	-3.584	32.90000000000009
	-3.576	40.01599999999917
	-3.568	42.79600000000028
	-3.56	30.87599999999998
	-3.552	31.04000000000019
	-3.544	33.91999999999985
	-3.536	41.73199999999929
	-3.528	40.26000000000136
	-3.52	26.7279999999987
	-3.512	37.37200000000053
	-3.504	32.8119999999999
	-3.496	34.46000000000049
	-3.488	45.78400000000011
	-3.48	36.68799999999919
	-3.472	27.75600000000054
	-3.464	19.99600000000009
	-3.456	24.98799999999983
	-3.448	35.14799999999991
	-3.44	32.72800000000007
	-3.432	39.5440000000001
	-3.424	32.95600000000013
	-3.416	32.16000000000031
	-3.408	32.41599999999949
	-3.4	33.93599999999947
	-3.392	35.33600000000092
	-3.384	37.39200000000096
	-3.376	28.65999999999849
	-3.368	30.11200000000053
	-3.36	28.42399999999884
	-3.352	30.06400000000076
	-3.344	27.17599999999993
	-3.336	27.09600000000046
	-3.328	25.35999999999967
	-3.32	26.36399999999981
	-3.312	27.6840000000002
	-3.304	31.59600000000069
	-3.296	30.27199999999971
	-3.288	26.21199999999976
	-3.28	24.43200000000002
	-3.272	26.19199999999955
	-3.264	20.48000000000047
	-3.256	24.55199999999945
	-3.248	24.5280000000007
	-3.24	28.21200000000022
	-3.232	42.55999999999995
	-3.224	34.18399999999929
	-3.216	27.24399999999991
	-3.208	28.7320000000002
	-3.2	29.8159999999998
	-3.192	34.88399999999979
	-3.184	32.72000000000048
	-3.176	35.06000000000063
	-3.168	29.67599999999925
	-3.16	29.69199999999955
	-3.152	31.56800000000112
	-3.144	34.91200000000003
	-3.136	36.21999999999912
	-3.128	39.6040000000005
	-3.12	27.05999999999972
	-3.112	25.97599999999966
	-3.104	31.21999999999957
	-3.096	43.98800000000074
	-3.088	40.70399999999995
	-3.08	35.60000000000036
	-3.072	35.47999999999934
	-3.064	36.92800000000034
	-3.056	26.61600000000112
	-3.048	27.47999999999888
	-3.04	31.54400000000032
	-3.032	26.65999999999963
	-3.024	23.904
	-3.016	32.62400000000002
	-3.008	42.44800000000055
	-3	29.52399999999989
	-2.992	28.4559999999999
	-2.984	28.91199999999981
	-2.976	36.11199999999985
	-2.968	35.97600000000034
	-2.96	35.94800000000032
	-2.952	38.25599999999986
	-2.944	43.75999999999976
	-2.936	40.16399999999999
	-2.928	33.60799999999881
	-2.92	41.49600000000123
	-2.912	36.94800000000009
	-2.904	40.05599999999936
	-2.896	41.8760000000002
	-2.888	38.4200000000003
	-2.88	45.71600000000012
	-2.872	50.75999999999954
	-2.864	45.5
	-2.856	36.18000000000006
	-2.848	49.04799999999955
	-2.84	47.08000000000038
	-2.832	38.98400000000061
	-2.824	42.69599999999878
	-2.816	43.95600000000127
	-2.808	43.8280000000002
	-2.8	52.54799999999955
	-2.792	40.77199999999948
	-2.784	45.38800000000015
	-2.776	51.38400000000047
	-2.768	52.20399999999904
	-2.76	50.16800000000103
	-2.752	54.72799999999893
	-2.744	59.79600000000028
	-2.736	65.06000000000108
	-2.728	59.93199999999865
	-2.72	58.56800000000089
	-2.712	57.39199999999869
	-2.704	60.46000000000072
	-2.696	61.81600000000049
	-2.688	60.50000000000045
	-2.68	68.08799999999974
	-2.672	76.90399999999909
	-2.664	73.09999999999991
	-2.656	77.79600000000096
	-2.648	94.00799999999958
	-2.64	98.62400000000139
	-2.632	87.49199999999882
	-2.624	93.55200000000059
	-2.616	91.96799999999939
	-2.608	97.52799999999934
	-2.6	108.7560000000005
	-2.592	106.9560000000008
	-2.584	106.1639999999986
	-2.576	136.5360000000012
	-2.568	130.1159999999998
	-2.56	119.1879999999994
	-2.552	132.4600000000005
	-2.544	151.3199999999983
	-2.536	150.6440000000016
	-2.528	158.3879999999992
	-2.52	168.3600000000008
	-2.512	184.9200000000003
	-2.504	196.2039999999997
	-2.496	213.7079999999996
	-2.488	209.1600000000005
	-2.48	242.3919999999998
	-2.472	237.9239999999991
	-2.464	254.5800000000002
	-2.456	262.9360000000017
	-2.448	279.4759999999997
	-2.44	280.3120000000013
	-2.432	279.7239999999999
	-2.424	296.287999999998
	-2.416	318.8440000000012
	-2.408	329.7240000000006
	-2.4	343.4999999999973
	-2.392	373.7760000000033
	-2.384	388.1239999999984
	-2.376	388.8879999999979
	-2.368	424.1000000000022
	-2.36	467.9119999999982
	-2.352	438.2120000000002
	-2.344	484.7920000000006
	-2.336	469.6800000000019
	-2.328	464.5239999999976
	-2.32	488.920000000001
	-2.312	485.2440000000011
	-2.304	516.503999999999
	-2.296	568.7279999999985
	-2.288	596.6879999999978
	-2.28	561.9400000000001
	-2.272	584.1160000000061
	-2.264	591.5959999999989
	-2.256	614.0719999999981
	-2.248	609.5799999999988
	-2.24	690.2520000000022
	-2.232	718.1559999999977
	-2.224	730.7240000000033
	-2.216	757.2519999999965
	-2.208	776.4999999999984
	-2.2	803.3240000000064
	-2.192	800.3399999999995
	-2.184	817.671999999995
	-2.176	913.8560000000011
	-2.168	946.0640000000026
	-2.16	984.5799999999981
	-2.152	1022.452000000001
	-2.144	1111.588
	-2.136	1161.783999999996
	-2.128	1228.928000000002
	-2.12	1266.519999999997
	-2.112	1335.832000000002
	-2.104	1412.471999999996
	-2.096	1519.608000000009
	-2.088	1514.119999999995
	-2.08	1530.751999999998
	-2.072	1644.939999999999
	-2.064	1719.536000000003
	-2.056	1751.144000000003
	-2.048	1830.24799999999
	-2.04	1859.940000000006
	-2.032	1833.896000000001
	-2.024	1840.380000000002
	-2.016	1803.896000000004
	-2.008	1854.960000000004
	-2	1770.063999999993
	-1.992	1720.451999999995
	-1.984	1713.392000000003
	-1.976	1672.552000000002
	-1.968	1588.616
	-1.96	1508.600000000003
	-1.952	1412.415999999999
	-1.944	1282.056000000001
	-1.936	1185.899999999998
	-1.928	1127.783999999999
	-1.92	1128.504000000004
	-1.912	1036.311999999993
	-1.904	1018.956000000002
	-1.896	981.6999999999987
	-1.888	984.5240000000026
	-1.88	999.8999999999974
	-1.872	1003.072
	-1.864	1003.739999999996
	-1.856	1045.328000000005
	-1.848	1059.367999999996
	-1.84	1113.328000000006
	-1.832	1126.995999999999
	-1.824	1139.815999999997
	-1.816	1211.488000000005
	-1.808	1310.911999999997
	-1.8	1380.836000000001
	-1.792	1479.212000000001
	-1.784	1568.168000000002
	-1.776	1602.795999999996
	-1.768	1628.440000000001
	-1.76	1673.956000000003
	-1.752	1668.347999999998
	-1.744	1739.631999999997
	-1.736	1820.516000000006
	-1.728	1759.003999999999
	-1.72	1727.719999999999
	-1.712	1731.392000000001
	-1.704	1701.592000000003
	-1.696	1625.384
	-1.688	1567.811999999996
	-1.68	1463.371999999997
	-1.672	1460.416000000009
	-1.664	1320.864
	-1.656	1177.179999999997
	-1.648	1083.044000000002
	-1.64	979.6239999999957
	-1.632	933.928000000001
	-1.624	883.2040000000022
	-1.616	815.0159999999976
	-1.608	740.1519999999987
	-1.6	705.9000000000012
	-1.592	661.3160000000007
	-1.584	611.015999999998
	-1.576	565.0160000000014
	-1.568	562.1759999999981
	-1.56	533.6600000000012
	-1.552	517.8079999999993
	-1.544	527.6840000000025
	-1.536	449.6999999999957
	-1.528	473.3000000000038
	-1.52	465.0320000000011
	-1.512	417.1959999999963
	-1.504	401.8920000000007
	-1.496	390.5880000000002
	-1.488	395.4599999999984
	-1.48	366.1400000000008
	-1.472	341.0960000000016
	-1.464	299.0799999999977
	-1.456	291.7040000000018
	-1.448	284.0919999999996
	-1.44	251.26
	-1.432	236.4880000000016
	-1.424	227.8039999999996
	-1.416	208.1880000000003
	-1.408	192.4599999999994
	-1.4	189.4039999999989
	-1.392	168.072000000001
	-1.384	140.7760000000005
	-1.376	136.6559999999968
	-1.368	133.0280000000009
	-1.36	120.3880000000008
	-1.352	106.4079999999997
	-1.344	107.2480000000014
	-1.336	95.78399999999897
	-1.328	87.27599999999893
	-1.32	73.12000000000035
	-1.312	68.99199999999928
	-1.304	89.92000000000212
	-1.296	85.86399999999958
	-1.288	70.85999999999945
	-1.28	63.39200000000028
	-1.272	64.87599999999907
	-1.264	64.9600000000014
	-1.256	57.051999999999
	-1.248	56.17599999999948
	-1.24	57.26800000000048
	-1.232	57.74000000000046
	-1.224	56.31200000000013
	-1.216	50.19600000000037
	-1.208	49.41599999999994
	-1.2	41.15999999999985
	-1.192	33.75999999999908
	-1.184	49.89600000000041
	-1.176	43.30399999999963
	-1.168	38.87199999999984
	-1.16	38.04000000000065
	-1.152	30.66399999999999
	-1.144	26.82000000000016
	-1.136	38.13200000000029
	-1.128	42.05599999999913
	-1.12	37.6080000000004
	-1.112	34.64799999999946
	-1.104	25.996000000001
	-1.096	28.13999999999987
	-1.088	23.71199999999953
	-1.08	24.58799999999997
	-1.072	29.7320000000002
	-1.064	23.5319999999997
	-1.056	21.13199999999983
	-1.048	31.1560000000004
	-1.04	26.53200000000061
	-1.032	19.34799999999859
	-1.024	24.38800000000083
	-1.016	23.11999999999944
	-1.008	26.95200000000091
	-1	32.09199999999964
	-0.992000000000001	25.06399999999985
	-0.984	19.16000000000031
	-0.976000000000001	13.1119999999994
	-0.968	15.59600000000023
	-0.960000000000001	17.06799999999998
	-0.952	19.10000000000014
	-0.944000000000001	20.04799999999955
	-0.936	24.29200000000083
	-0.928000000000001	24.81599999999935
	-0.92	21.24799999999959
	-0.912000000000001	30.92000000000075
	-0.904	22.30399999999963
	-0.896000000000001	17.06400000000031
	-0.888	24.92800000000011
	-0.880000000000001	20.66799999999967
	-0.872	26.56000000000108
	-0.864000000000001	15.39599999999905
	-0.856	15.67600000000016
	-0.848000000000001	28.05600000000027
	-0.84	26.40799999999945
	-0.832000000000001	22.88800000000015
	-0.824	30.12800000000038
	-0.816000000000001	17.50799999999981
	-0.808	19.25199999999927
	-0.800000000000001	21.56000000000063
	-0.792	22.01600000000008
	-0.784000000000001	22.88000000000011
	-0.776	25.65599999999927
	-0.768000000000001	24.20400000000041
	-0.76	21.18399999999974
	-0.752000000000001	17.19600000000037
	-0.744	16.25199999999973
	-0.736000000000001	22.64800000000014
	-0.728	22.94000000000074
	-0.720000000000001	28.27599999999939
	-0.712	32.73999999999978
	-0.704000000000001	34.51600000000053
	-0.696	33.7320000000002
	-0.688000000000001	29.53999999999928
	-0.68	25.33200000000011
	-0.672000000000001	32.19200000000023
	-0.664	35.31999999999971
	-0.656000000000001	37.04399999999964
	-0.648	33.46800000000076
	-0.640000000000001	42.17200000000003
	-0.632	41.01599999999917
	-0.624000000000001	53.35200000000054
	-0.616	42.90000000000009
	-0.608000000000001	43.38399999999979
	-0.6	52.7920000000006
	-0.592000000000001	46.3439999999996
	-0.584	61.36800000000085
	-0.576000000000001	61.4039999999984
	-0.568	65.01600000000008
	-0.56	71.26000000000045
	-0.552	56.36399999999935
	-0.544	67.79200000000128
	-0.536	62.51199999999994
	-0.528	64.29199999999855
	-0.52	88.9320000000007
	-0.512	96.1480000000015
	-0.504	103.3039999999985
	-0.496	92.9800000000007
	-0.488	81.85599999999818
	-0.48	105.8160000000007
	-0.472000000000001	104.0000000000007
	-0.464	107.0520000000008
	-0.456000000000001	101.9599999999991
	-0.448	121.0560000000005
	-0.440000000000001	147.1320000000001
	-0.432	146.5839999999998
	-0.424000000000001	134.8559999999995
	-0.416	128.9760000000015
	-0.408000000000001	152.6519999999985
	-0.4	177.7840000000017
	-0.392000000000001	175.1599999999976
	-0.384	214.2880000000016
	-0.376000000000001	228.1799999999992
	-0.368	263.1080000000004
	-0.360000000000001	288.7720000000002
	-0.352	332.3000000000011
	-0.344000000000001	372.1919999999975
	-0.336	382.0960000000021
	-0.328000000000001	368.7439999999992
	-0.32	406.4240000000025
	-0.312000000000001	401.9520000000011
	-0.304	311.1039999999969
	-0.296000000000001	327.8200000000022
	-0.288	302.303999999998
	-0.280000000000001	286.6479999999997
	-0.272	244.0160000000003
	-0.264000000000001	204.6479999999985
	-0.256	188.0760000000016
	-0.248000000000001	156.859999999999
	-0.24	139.8000000000004
	-0.232000000000001	127.896
	-0.224	92.0799999999997
	-0.216000000000001	78.64400000000114
	-0.208	64.32799999999793
	-0.200000000000001	70.98800000000097
	-0.192	72.0920000000001
	-0.184000000000001	61.48399999999992
	-0.176	50.56800000000021
	-0.168000000000001	39.9119999999989
	-0.16	44.48400000000038
	-0.152000000000001	39.36800000000062
	-0.144	37.1759999999997
	-0.136000000000001	50.70000000000073
	-0.128	41.68799999999828
	-0.120000000000001	38.2720000000013
	-0.112	36.87599999999998
	-0.104000000000001	38.52799999999957
	-0.0960000000000001	38.37199999999984
	-0.088000000000001	42.07199999999989
	-0.0800000000000001	45.16000000000076
	-0.072000000000001	39.73199999999974
	-0.0640000000000001	37.75199999999973
	-0.0560000000000009	43.9200000000003
	-0.048	46.41599999999926
	-0.0400000000000009	60.13200000000029
	-0.032	62.80799999999999
	-0.0240000000000009	70.09200000000033
	-0.016	62.04799999999932
	-0.0080000000000009	73.23200000000134
	0	66.43599999999878
	0.00799999999999912	65.33599999999933
	0.016	85.82400000000121
	0.0239999999999991	91.28400000000056
	0.032	84.24399999999946
	0.0399999999999991	75.66800000000103
	0.048	56.93599999999924
	0.0559999999999992	58.67200000000003
	0.0640000000000001	39.07199999999989
	0.0719999999999992	30.97199999999953
	0.0800000000000001	32.1880000000001
	0.0879999999999992	30.45200000000023
	0.0960000000000001	24.40400000000045
	0.103999999999999	20.59599999999932
	0.112	21.9640000000004
	0.119999999999999	14.17599999999948
	0.128	11.77600000000029
	0.135999999999999	11.60400000000004
	0.144	13.05200000000013
	0.151999999999999	10.36400000000003
	0.16	7.807999999999993
	0.167999999999999	11.29599999999959
	0.176	7.520000000000209
	0.183999999999999	8.260000000000446
	0.192	6.183999999999514
	0.199999999999999	7.420000000000073
	0.208	9.352000000000089
	0.215999999999999	8.104000000000042
	0.224	5.987999999999829
	0.231999999999999	12.57600000000002
	0.24	5.879999999999882
	0.247999999999999	7.6400000000001
	0.256	8.808000000000447
	0.263999999999999	8.215999999999667
	0.272	8.920000000000073
	0.279999999999999	6.279999999999745
	0.288	10.26800000000048
	0.295999999999999	9.727999999999838
	0.304	10.1279999999997
	0.311999999999999	5.896000000000186
	0.32	5.503999999999905
	0.327999999999999	7.259999999999536
	0.336	12.38400000000024
	0.343999999999999	7.988000000000284
	0.352	2.91599999999994
	0.359999999999999	3.283999999999878
	0.368	7.924000000000206
	0.375999999999999	6.107999999999947
	0.384	7.352000000000089
	0.391999999999999	5.176000000000158
	0.4	5.511999999999716
	0.407999999999999	7.619999999999891
	0.416	7.428000000000111
	0.423999999999999	11.29200000000037
	0.432	7.571999999999662
	0.44	7.431999999999789
	0.448	8.540000000000418
	0.456	2.895999999999731
	0.464	3.804000000000087
	0.472	4.38799999999992
	0.48	5.180000000000064
	0.488	5.139999999999873
	0.496	7.100000000000136
	0.504	5.043999999999869
	0.512	5.344000000000051
	0.52	6.108000000000175
	0.528	6.023999999999887
	0.536	4.712000000000216
	0.543999999999999	5.215999999999667
	0.552	4.540000000000191
	0.559999999999999	5.819999999999709
	0.568	7.052000000000135
	0.575999999999999	5.5799999999997
	0.584	9.048000000000457
	0.591999999999999	5.683999999999969
	0.6	3.735999999999876
	0.607999999999999	7.496000000000322
	0.616	5.575999999999794
	0.623999999999999	2.832000000000107
	0.632	3.919999999999845
	0.639999999999999	4.167999999999893
	0.648	3.496000000000322
	0.655999999999999	4.243999999999915
	0.664	4.200000000000045
	0.671999999999999	4.187999999999874
	0.68	4.792000000000144
	0.687999999999999	6.091999999999871
	0.696	4.544000000000096
	0.703999999999999	1.69199999999978
	0.712	4.128000000000156
	0.719999999999999	3.751999999999953
	0.728	4.955999999999904
	0.735999999999999	2.864000000000033
	0.744	2.55600000000004
	0.751999999999999	6.972000000000435
	0.76	1.927999999999656
	0.767999999999999	2.683999999999969
	0.776	2.88399999999956
	0.783999999999999	7.680000000000291
	0.792	5.392000000000053
	0.799999999999999	3.663999999999987
	0.808	3.827999999999747
	0.815999999999999	4.08400000000006
	0.824	4.024000000000342
	0.831999999999999	6.103999999999814
	0.84	6.660000000000082
	0.847999999999999	5.16800000000012
	0.856	3.980000000000018
	0.863999999999999	3.463999999999487
	0.872	7.260000000000218
	0.879999999999999	6.511999999999944
	0.888	5.272000000000162
	0.895999999999999	3.288000000000011
	0.904	2.271999999999935
	0.911999999999999	3.336000000000013
	0.92	3.243999999999915
	0.927999999999999	2.576000000000249
	0.936	2.132000000000062
	0.943999999999999	1.811999999999898
	0.952	3.631999999999834
	0.959999999999999	6.876000000000204
	0.968	6.115999999999758
	0.975999999999999	4.788000000000011
	0.984	6.271999999999935
	0.991999999999999	3.924000000000206
	1	4.344000000000051
	1.008	5.107999999999947
	1.016	4.940000000000055
	1.024	2.079999999999927
	1.032	3.016000000000076
	1.04	1.97199999999998
	1.048	3.471999999999753
	1.056	3.552000000000135
	1.064	3.440000000000055
	1.072	3.648000000000138
	1.08	3.067999999999756
	1.088	2.61200000000008
	1.096	3.504000000000133
	1.104	2.316000000000031
	1.112	3.144000000000005
	1.12	3.707999999999856
	1.128	3.539999999999964
	1.136	2.499999999999773
	1.144	6.284000000000106
	1.152	5.936000000000149
	1.16	2.988000000000056
	1.168	2.624000000000024
	1.176	4.432000000000016
	1.184	6.295999999999822
	1.192	2.688000000000102
	1.2	1.855999999999767
	1.208	4.756000000000313
	1.216	6.319999999999936
	1.224	5.692000000000007
	1.232	3.103999999999814
	1.24	4.852000000000317
	1.248	3.8599999999999
	1.256	4.655999999999722
	1.264	5.344000000000051
	1.272	4.496000000000322
	1.28	5.039999999999964
	1.288	3.319999999999936
	1.296	2.480000000000018
	1.304	3.7199999999998
	1.312	3.615999999999985
	1.32	5.900000000000091
	1.328	3.148000000000138
	1.336	1.567999999999756
	1.344	2.080000000000155
	1.352	0.6479999999999109
	1.36	2.435999999999694
	1.368	5.892000000000507
	1.376	3.791999999999916
	1.384	4.647999999999911
	1.392	2.94399999999996
	1.4	2.960000000000264
	1.408	3.739999999999782
	1.416	2.656000000000176
	1.424	1.843999999999824
	1.432	3.991999999999962
	1.44	2.807999999999993
	1.448	5.764000000000351
	1.456	1.351999999999634
	1.464	4.663999999999987
	1.472	2.336000000000013
	1.48	3.124000000000251
	1.488	4.296000000000049
	1.496	3.715999999999894
	1.504	1.015999999999849
	1.512	3.088000000000193
	1.52	1.983999999999924
	1.528	3.996000000000095
	1.536	2.819999999999936
	1.544	2.895999999999731
	1.552	5.340000000000373
	1.56	1.875999999999749
	1.568	3.896000000000186
	1.576	3.767999999999802
	1.584	4.304000000000087
	1.592	2.768000000000029
	1.6	1.576000000000022
	1.608	1.335999999999785
	1.616	6.048000000000229
	1.624	4.508000000000038
	1.632	1.483999999999696
	1.64	4.244000000000369
	1.648	2.016000000000076
	1.656	4.779999999999518
	1.664	5.076000000000249
	1.672	4.284000000000106
	1.68	3.639999999999645
	1.688	7.852000000000317
	1.696	6.524000000000342
	1.704	3.4399999999996
	1.712	3.055999999999813
	1.72	2.731999999999971
	1.728	3.472000000000207
	1.736	1.52800000000002
	1.744	1.339999999999918
	1.752	1.651999999999816
	1.76	2.544000000000096
	1.768	4.632000000000062
	1.776	6.084000000000287
	1.784	3.859999999999673
	1.792	5.228000000000065
	1.8	3.016000000000076
	1.808	5.048000000000002
	1.816	4.679999999999836
	1.824	2.552000000000135
	1.832	0.4039999999999964
	1.84	0
	1.848	1.02800000000002
	1.856	4.288000000000011
	1.864	4.468000000000302
	1.872	1.215999999999667
	1.88	1
	1.888	1.327999999999975
	1.896	1.135999999999967
	1.904	1.496000000000095
	1.912	1.508000000000038
	1.92	0.5319999999999254
	1.928	1.216000000000122
	1.936	0.7839999999998781
	1.944	0.6720000000000255
	1.952	1.327999999999975
	1.96	1.632000000000062
	1.968	1.791999999999916
	1.976	0.8759999999999764
	1.984	0.7000000000000455
	1.992	0
	2	0
	2.008	0.5519999999999072
	2.016	0.4480000000000928
	2.024	0
	2.032	0.5519999999999072
	2.04	1.000000000000227
	2.048	1.447999999999865
	2.056	0
	2.064	0
	2.072	0
	2.08	0
	2.088	0
	2.096	0
	2.104	0
	2.112	0
	2.12	0
	2.128	0
	2.136	0
	2.144	0
	2.152	0
	2.16	0
	2.168	0
	2.176	0
	2.184	0
	2.192	0
