sum_T25_0p34_0		
	-13.752	0.8120000000000032
	-13.744	2.900000000000005
	-13.736	2.323999999999995
	-13.728	4.064000000000004
	-13.72	3.115999999999994
	-13.712	3.256
	-13.704	2.480000000000004
	-13.696	3.100000000000007
	-13.688	4.331999999999994
	-13.68	3.424000000000001
	-13.672	1.711999999999996
	-13.664	0
	-13.656	1.671999999999997
	-13.648	4.279999999999998
	-13.64	2.564000000000011
	-13.632	1.483999999999995
	-13.624	0.4759999999999991
	-13.616	0.8120000000000047
	-13.608	1.475999999999999
	-13.6	2.647999999999993
	-13.592	1.880000000000006
	-13.584	1.228000000000005
	-13.576	3.188000000000006
	-13.568	2.147999999999989
	-13.56	2.059999999999995
	-13.552	1.376000000000005
	-13.544	2.035999999999998
	-13.536	1.459999999999997
	-13.528	1.636000000000006
	-13.52	3.371999999999986
	-13.512	2.204000000000011
	-13.504	1.843999999999994
	-13.496	2.444000000000017
	-13.488	2.179999999999978
	-13.48	2.948000000000008
	-13.472	3.280000000000001
	-13.464	1.780000000000001
	-13.456	0.5240000000000009
	-13.448	3.276000000000025
	-13.44	6.351999999999975
	-13.432	1.560000000000002
	-13.424	4.60799999999999
	-13.416	3.064000000000007
	-13.408	0.1400000000000006
	-13.4	2.100000000000009
	-13.392	5.339999999999989
	-13.384	1.980000000000004
	-13.376	1.396000000000001
	-13.368	3.424000000000007
	-13.36	3.519999999999996
	-13.352	2.935999999999993
	-13.344	2.640000000000001
	-13.336	1.904000000000025
	-13.328	4.239999999999966
	-13.32	1.796000000000006
	-13.312	1.772000000000006
	-13.304	2.419999999999987
	-13.296	1.900000000000006
	-13.288	2.635999999999996
	-13.28	2.316000000000003
	-13.272	3.244000000000014
	-13.264	5.867999999999995
	-13.256	2.795999999999992
	-13.248	1.848000000000013
	-13.24	4.660000000000011
	-13.232	6.935999999999979
	-13.224	3.975999999999999
	-13.216	3.308000000000007
	-13.208	2.267999999999986
	-13.2	2.548000000000016
	-13.192	3.199999999999989
	-13.184	3.112000000000009
	-13.176	4.060000000000002
	-13.168	1.908000000000001
	-13.16	5.652000000000001
	-13.152	4.179999999999993
	-13.144	4.787999999999997
	-13.136	2.468000000000004
	-13.128	6.635999999999981
	-13.12	5.804000000000016
	-13.112	3.192000000000007
	-13.104	2.359999999999999
	-13.096	1.867999999999995
	-13.088	2.124000000000009
	-13.08	4.683999999999983
	-13.072	1.192000000000007
	-13.064	1.760000000000005
	-13.056	2.659999999999997
	-13.048	1.768000000000001
	-13.04	4.939999999999998
	-13.032	6.436000000000007
	-13.024	2.719999999999999
	-13.016	2.484000000000009
	-13.008	5.271999999999977
	-13	3.584000000000003
	-12.992	2.372000000000014
	-12.984	4.48399999999998
	-12.976	2.260000000000005
	-12.968	5.859999999999999
	-12.96	4.304000000000002
	-12.952	2.096000000000004
	-12.944	1.331999999999994
	-12.936	1.144000000000005
	-12.928	1.572000000000017
	-12.92	3.279999999999987
	-12.912	2.484000000000009
	-12.904	2.836000000000013
	-12.896	2.731999999999971
	-12.888	3.76400000000001
	-12.88	4.072000000000031
	-12.872	5.575999999999993
	-12.864	2.975999999999971
	-12.856	1.936000000000007
	-12.848	3.232000000000014
	-12.84	2.391999999999982
	-12.832	2.188000000000017
	-12.824	3.275999999999996
	-12.816	3.640000000000001
	-12.808	2.463999999999999
	-12.8	2.47199999999998
	-12.792	2.580000000000027
	-12.784	4.907999999999973
	-12.776	0.2400000000000091
	-12.768	1.759999999999991
	-12.76	1.768000000000001
	-12.752	2.656000000000006
	-12.744	2.90800000000003
	-12.736	3.711999999999989
	-12.728	2.099999999999994
	-12.72	0.8559999999999945
	-12.712	1.292000000000002
	-12.704	1.316000000000003
	-12.696	2.348000000000013
	-12.688	4.072000000000003
	-12.68	2.115999999999985
	-12.672	0
	-12.664	0.9159999999999968
	-12.656	1.084000000000003
	-12.648	0
	-12.64	1.576000000000022
	-12.632	2.711999999999989
	-12.624	1.899999999999977
	-12.616	1
	-12.608	3.280000000000001
	-12.6	3.524000000000001
	-12.592	3.156000000000034
	-12.584	5.767999999999972
	-12.576	2.704000000000008
	-12.568	2.800000000000011
	-12.56	1.367999999999995
	-12.552	1.5
	-12.544	1.759999999999991
	-12.536	3.560000000000031
	-12.528	4.679999999999978
	-12.52	3.523999999999972
	-12.512	1.376000000000005
	-12.504	1.140000000000015
	-12.496	2.260000000000048
	-12.488	3.515999999999934
	-12.48	3.548000000000002
	-12.472	3.116000000000042
	-12.464	3.519999999999982
	-12.456	2.391999999999996
	-12.448	3.891999999999996
	-12.44	3.055999999999983
	-12.432	3.512000000000029
	-12.424	1.859999999999985
	-12.416	1.336000000000013
	-12.408	1.647999999999996
	-12.4	2.679999999999978
	-12.392	2.428000000000026
	-12.384	3.623999999999995
	-12.376	2.895999999999987
	-12.368	2.864000000000004
	-12.36	2.188000000000017
	-12.352	1.756
	-12.344	2.912000000000006
	-12.336	2.043999999999954
	-12.328	3.952000000000027
	-12.32	1.147999999999996
	-12.312	1.187999999999988
	-12.304	3.248000000000019
	-12.296	1.415999999999997
	-12.288	1.664000000000016
	-12.28	3.347999999999985
	-12.272	2.515999999999991
	-12.264	1.415999999999997
	-12.256	4.539999999999992
	-12.248	1.768000000000029
	-12.24	2.079999999999984
	-12.232	2.524000000000001
	-12.224	1.671999999999997
	-12.216	0.4320000000000164
	-12.208	1.859999999999985
	-12.2	1.475999999999999
	-12.192	1.372000000000014
	-12.184	3.295999999999992
	-12.176	2.331999999999994
	-12.168	3.572000000000031
	-12.16	2.419999999999987
	-12.152	1.995999999999981
	-12.144	4.419999999999987
	-12.136	3.544000000000011
	-12.128	3.400000000000034
	-12.12	4.560000000000002
	-12.112	4.751999999999953
	-12.104	4.860000000000042
	-12.096	2.768000000000001
	-12.088	2.663999999999987
	-12.08	4.888000000000034
	-12.072	7.255999999999943
	-12.064	3.460000000000008
	-12.056	2.348000000000013
	-12.048	3.563999999999993
	-12.04	3.220000000000027
	-12.032	2.543999999999983
	-12.024	1.855999999999995
	-12.016	0.7079999999999984
	-12.008	2.436000000000007
	-12	1.507999999999981
	-11.992	2.632000000000005
	-11.984	1.148000000000025
	-11.976	0.8519999999999754
	-11.968	0.896000000000015
	-11.96	1.47199999999998
	-11.952	1.328000000000003
	-11.944	2.440000000000026
	-11.936	3.607999999999947
	-11.928	2.676000000000045
	-11.92	4.088000000000022
	-11.912	2.491999999999962
	-11.904	1.712000000000018
	-11.896	3.464000000000027
	-11.888	3.047999999999945
	-11.88	1.632000000000005
	-11.872	2.500000000000057
	-11.864	4.747999999999962
	-11.856	2.739999999999981
	-11.848	2.052000000000021
	-11.84	3.379999999999995
	-11.832	2.672000000000025
	-11.824	2.715999999999951
	-11.816	3.084000000000032
	-11.808	2.203999999999979
	-11.8	1.632000000000005
	-11.792	2.639999999999986
	-11.784	3.048000000000059
	-11.776	3.487999999999943
	-11.768	2.624000000000024
	-11.76	3.536000000000001
	-11.752	3.699999999999989
	-11.744	2.820000000000022
	-11.736	3.691999999999979
	-11.728	4.159999999999997
	-11.72	2.412000000000035
	-11.712	5.087999999999965
	-11.704	4.680000000000064
	-11.696	1.951999999999941
	-11.688	2.996000000000038
	-11.68	0.5799999999999841
	-11.672	0.367999999999995
	-11.664	2.67999999999995
	-11.656	4.576000000000079
	-11.648	2.26400000000001
	-11.64	4.351999999999975
	-11.632	2.903999999999996
	-11.624	2.27600000000001
	-11.616	3.312000000000012
	-11.608	6.243999999999971
	-11.6	2.307999999999993
	-11.592	3.379999999999995
	-11.584	2.812000000000012
	-11.576	2.567999999999984
	-11.568	2.103999999999985
	-11.56	2.424000000000035
	-11.552	2.656000000000006
	-11.544	1.063999999999965
	-11.536	0.7080000000000268
	-11.528	0.7479999999999905
	-11.52	2.295999999999935
	-11.512	6.512000000000114
	-11.504	4.683999999999969
	-11.496	2.807999999999993
	-11.488	2.048000000000002
	-11.48	1.907999999999959
	-11.472	3.092000000000041
	-11.464	1.800000000000011
	-11.456	4.151999999999987
	-11.448	6.184000000000026
	-11.44	2.811999999999955
	-11.432	3.039999999999964
	-11.424	3.432000000000073
	-11.416	2.231999999999971
	-11.408	2.108000000000004
	-11.4	2.795999999999992
	-11.392	3.972000000000037
	-11.384	1.027999999999963
	-11.376	4.52800000000002
	-11.368	3.171999999999969
	-11.36	5.747999999999934
	-11.352	3.324000000000069
	-11.344	2.240000000000009
	-11.336	1.812000000000012
	-11.328	1.192000000000007
	-11.32	4.476000000000056
	-11.312	2.659999999999911
	-11.304	2.963999999999999
	-11.296	3.088000000000022
	-11.288	3.628000000000043
	-11.28	1.759999999999934
	-11.272	3.364000000000033
	-11.264	4.716000000000008
	-11.256	4.427999999999997
	-11.248	3.21999999999997
	-11.24	2.216000000000008
	-11.232	2.388000000000034
	-11.224	3.743999999999971
	-11.216	6.079999999999984
	-11.208	5.696000000000026
	-11.2	3.583999999999946
	-11.192	2.740000000000066
	-11.184	4.331999999999937
	-11.176	6.396000000000072
	-11.168	2.848000000000013
	-11.16	4.695999999999913
	-11.152	4.504000000000076
	-11.144	4.291999999999916
	-11.136	3.372000000000071
	-11.128	3.024000000000001
	-11.12	2.48399999999998
	-11.112	3.288000000000011
	-11.104	2.951999999999998
	-11.096	6.47199999999998
	-11.088	4.731999999999971
	-11.08	6.192000000000064
	-11.072	4.807999999999993
	-11.064	5.475999999999999
	-11.056	5.939999999999941
	-11.048	3.960000000000036
	-11.04	3.33200000000005
	-11.032	6.567999999999984
	-11.024	4.047999999999945
	-11.016	4.948000000000036
	-11.008	2.204000000000008
	-11	3.328000000000031
	-10.992	3.479999999999961
	-10.984	1.759999999999991
	-10.976	3.95999999999998
	-10.968	4.839999999999975
	-10.96	2.772000000000048
	-10.952	4.899999999999977
	-10.944	4.064000000000078
	-10.936	3.599999999999966
	-10.928	2.947999999999979
	-10.92	2.351999999999975
	-10.912	2.412000000000035
	-10.904	2.004000000000019
	-10.896	4.003999999999962
	-10.888	3.184000000000026
	-10.88	2.799999999999955
	-10.872	1.592000000000041
	-10.864	2.843999999999994
	-10.856	3.01600000000002
	-10.848	1.21999999999997
	-10.84	3.171999999999969
	-10.832	2.975999999999999
	-10.824	3.092000000000041
	-10.816	7.300000000000011
	-10.808	5.812000000000012
	-10.8	5.672000000000025
	-10.792	3.156000000000006
	-10.784	2.839999999999918
	-10.776	1.612000000000023
	-10.768	0.8559999999999945
	-10.76	1.41599999999994
	-10.752	5.536000000000058
	-10.744	3.904000000000053
	-10.736	2.527999999999963
	-10.728	4.096000000000004
	-10.72	4.327999999999975
	-10.712	4.344000000000051
	-10.704	3.415999999999997
	-10.696	2.627999999999986
	-10.688	3.420000000000016
	-10.68	3.243999999999915
	-10.672	3.984000000000094
	-10.664	2.819999999999936
	-10.656	5.532000000000039
	-10.648	5.467999999999904
	-10.64	4.764000000000067
	-10.632	3.24799999999999
	-10.624	5.507999999999981
	-10.616	1.620000000000005
	-10.608	4.388000000000034
	-10.6	3.427999999999997
	-10.592	2.728000000000009
	-10.584	6.196000000000026
	-10.576	4.45599999999996
	-10.568	4.283999999999992
	-10.56	5.376000000000033
	-10.552	4.819999999999993
	-10.544	4.843999999999994
	-10.536	5.675999999999988
	-10.528	3.29200000000003
	-10.52	2.372000000000014
	-10.512	4.199999999999932
	-10.504	3.756000000000029
	-10.496	3.848000000000013
	-10.488	4.771999999999991
	-10.48	1.903999999999996
	-10.472	0.4799999999999613
	-10.464	3.74799999999999
	-10.456	5.248000000000047
	-10.448	3.151999999999987
	-10.44	7.012000000000057
	-10.432	3.935999999999922
	-10.424	4.132000000000062
	-10.416	2.915999999999997
	-10.408	3.283999999999992
	-10.4	7.963999999999999
	-10.392	3.683999999999969
	-10.384	2.399999999999977
	-10.376	3.088000000000022
	-10.368	2.015999999999963
	-10.36	4.36000000000007
	-10.352	2.239999999999952
	-10.344	3.399999999999977
	-10.336	2.228000000000065
	-10.328	2.22399999999999
	-10.32	2.95599999999996
	-10.312	5.176000000000045
	-10.304	2.69599999999997
	-10.296	2.612000000000023
	-10.288	4.259999999999991
	-10.28	4.399999999999977
	-10.272	4.104000000000042
	-10.264	2.13999999999993
	-10.256	6.720000000000027
	-10.248	5.656000000000063
	-10.24	6.287999999999954
	-10.232	3.192000000000007
	-10.224	6.012000000000057
	-10.216	2.755999999999972
	-10.208	1.471999999999923
	-10.2	4.32000000000005
	-10.192	4.379999999999995
	-10.184	6.392000000000053
	-10.176	4.435999999999922
	-10.168	4.580000000000041
	-10.16	4.743999999999971
	-10.152	4.828000000000031
	-10.144	5.920000000000016
	-10.136	4.77600000000001
	-10.128	3.287999999999954
	-10.12	3.624000000000024
	-10.112	3.336000000000013
	-10.104	3.52800000000002
	-10.096	3.407999999999959
	-10.088	4.523999999999944
	-10.08	5.948000000000036
	-10.072	4.647999999999968
	-10.064	10.45600000000007
	-10.056	5.843999999999937
	-10.048	4.168000000000063
	-10.04	3.419999999999959
	-10.032	6.887999999999977
	-10.024	8.208000000000027
	-10.016	5.983999999999924
	-10.008	6.388000000000034
	-10	2.824000000000069
	-9.992	6.24799999999999
	-9.984	7.25200000000001
	-9.976	6.159999999999968
	-9.968	6.724000000000046
	-9.96	5.359999999999957
	-9.952	2.139999999999986
	-9.944	2.632000000000062
	-9.936	8.168000000000006
	-9.928	4.887999999999977
	-9.92	6.41599999999994
	-9.912	4.80800000000005
	-9.904	4.144000000000005
	-9.896	3.90399999999994
	-9.888	4.156000000000006
	-9.88	2.944000000000017
	-9.872	4.492000000000019
	-9.864	7.763999999999953
	-9.856	4.824000000000126
	-9.848	6.827999999999861
	-9.84	4.296000000000049
	-9.832	2.268000000000029
	-9.824	1.675999999999874
	-9.816	5.319999999999993
	-9.808	4.588000000000022
	-9.8	6.84800000000007
	-9.792	3.83200000000005
	-9.784	3.695999999999856
	-9.776	6.748000000000104
	-9.768	3.824000000000012
	-9.76	5.863999999999976
	-9.752	3.984000000000037
	-9.744	9.564000000000021
	-9.736	5.619999999999948
	-9.728	6.152000000000044
	-9.72	5.867999999999938
	-9.712	4.228000000000065
	-9.704	5.956000000000017
	-9.696	6.603999999999928
	-9.688	4.827999999999918
	-9.68	3.580000000000041
	-9.672	2.840000000000089
	-9.664	3.295999999999935
	-9.656	3.068000000000097
	-9.648	2.835999999999899
	-9.64	5.120000000000118
	-9.632	7.631999999999834
	-9.624	7
	-9.616	4.908000000000015
	-9.608	4.100000000000023
	-9.6	4.592000000000098
	-9.592	4.159999999999968
	-9.584	9.548000000000002
	-9.576	5.871999999999844
	-9.568	5.956000000000017
	-9.56	4.400000000000091
	-9.552	2.344000000000051
	-9.544	6.947999999999979
	-9.536	4.615999999999985
	-9.528	2.668000000000006
	-9.52	6.196000000000026
	-9.512	6.411999999999921
	-9.504	5.08400000000006
	-9.496	8.212000000000103
	-9.488	8.51199999999983
	-9.48	9.472000000000094
	-9.472	7.379999999999882
	-9.464	8.736000000000104
	-9.456	6.552000000000021
	-9.448	7.160000000000082
	-9.44	8.171999999999912
	-9.432	4.591999999999985
	-9.424	8.380000000000109
	-9.416	10.00799999999992
	-9.408	7.183999999999969
	-9.4	6.991999999999962
	-9.392	9.804000000000087
	-9.384	6.988000000000056
	-9.376	5.627999999999815
	-9.368	8.84800000000007
	-9.36	8.644000000000005
	-9.352	7.076000000000022
	-9.344	7.427999999999884
	-9.336	7.995999999999981
	-9.328	4.628000000000156
	-9.32	6.611999999999853
	-9.312	4.632000000000176
	-9.304	5.695999999999799
	-9.296	4.644000000000119
	-9.288	8.800000000000068
	-9.28	8.903999999999883
	-9.272	4.532000000000039
	-9.264	6.192000000000121
	-9.256	6.715999999999894
	-9.248	7.940000000000055
	-9.24	5.447999999999865
	-9.232	7.064000000000078
	-9.224	4.548000000000116
	-9.216	7.959999999999923
	-9.208	7.120000000000005
	-9.2	6.227999999999952
	-9.192	9.867999999999938
	-9.184	9.864000000000033
	-9.176	8.180000000000064
	-9.168	9.624000000000024
	-9.16	7.47199999999998
	-9.152	4.776000000000067
	-9.144	9.568000000000097
	-9.136	12.63199999999983
	-9.128	5.052000000000021
	-9.12	12.67199999999991
	-9.112	14.46000000000015
	-9.104	7.327999999999975
	-9.096	6.615999999999872
	-9.088	5.956000000000017
	-9.08	7.312000000000012
	-9.072	7.868000000000052
	-9.064	5.035999999999831
	-9.056	6.356000000000108
	-9.048	5.919999999999959
	-9.04	8.448000000000093
	-9.032	10.72400000000005
	-9.024	11.59199999999987
	-9.016	9.255999999999972
	-9.008	4.616000000000099
	-9	8.899999999999977
	-8.992	6.892000000000053
	-8.984	8.723999999999933
	-8.976	5.964000000000055
	-8.968	6.943999999999846
	-8.96	11.93600000000015
	-8.952	13.66799999999989
	-8.944	5.224000000000046
	-8.936	9.11200000000008
	-8.928	13.39200000000005
	-8.92	10.53999999999985
	-8.912	10.67200000000014
	-8.904	7.539999999999736
	-8.896	6.116000000000099
	-8.888	7.563999999999965
	-8.88	9.884000000000128
	-8.872	10.5920000000001
	-8.864	13.38400000000001
	-8.856	9.247999999999934
	-8.848	5.195999999999913
	-8.84	5.984000000000037
	-8.832	10.428
	-8.824	12.75199999999995
	-8.816	8.947999999999865
	-8.808	12.27200000000016
	-8.8	11.61199999999997
	-8.792	10.62400000000002
	-8.784	7.475999999999999
	-8.776	10.99599999999998
	-8.768	5.899999999999977
	-8.76	6.783999999999992
	-8.752	12.75600000000009
	-8.744	14.73599999999999
	-8.736	11.13600000000008
	-8.728	7.73599999999999
	-8.72	12.44000000000017
	-8.712	10.51199999999972
	-8.704	12.52400000000011
	-8.696	13.93599999999981
	-8.688	10.65200000000004
	-8.68	9.37600000000009
	-8.672	12.96800000000007
	-8.664	13.45999999999992
	-8.656	16.19599999999991
	-8.648	13.46000000000004
	-8.64	8.803999999999974
	-8.632	8.22400000000016
	-8.624	9.479999999999905
	-8.616	10.90800000000002
	-8.608	11.76400000000001
	-8.6	13.11599999999987
	-8.592	8.832000000000107
	-8.584	10.81600000000003
	-8.576	11.15999999999974
	-8.568	10.64000000000021
	-8.56	4.783999999999992
	-8.552	6.16800000000012
	-8.544	11.43999999999994
	-8.536	10.91999999999996
	-8.528	14.46799999999996
	-8.52	17.35199999999986
	-8.512	8.296000000000163
	-8.504	8.464000000000055
	-8.496	16.97599999999989
	-8.488	9.624000000000024
	-8.48	6.548000000000116
	-8.472	10.48000000000002
	-8.464	16.01599999999996
	-8.456	13.34799999999996
	-8.448	13.8119999999999
	-8.44	14.08800000000008
	-8.432	10.99199999999996
	-8.424	9.508000000000038
	-8.416	12.27200000000005
	-8.408	15.88799999999981
	-8.4	18.64000000000021
	-8.392	14.2879999999999
	-8.384	19.39200000000017
	-8.376	18.07199999999978
	-8.368	13.62800000000016
	-8.36	16.73599999999988
	-8.352	10.75200000000007
	-8.344	12.05599999999993
	-8.336	15.53999999999996
	-8.328	15.02799999999991
	-8.32	12.2800000000002
	-8.312	16.32399999999996
	-8.304	19.33600000000024
	-8.296	11.67999999999984
	-8.288	10.34400000000005
	-8.28	15.08399999999995
	-8.272	13.53599999999994
	-8.264	9.211999999999989
	-8.256	13.33200000000011
	-8.248	13.41999999999996
	-8.24	18.38399999999979
	-8.232	14.99600000000009
	-8.224	15.66000000000008
	-8.216	16.36400000000015
	-8.208	14.03199999999993
	-8.2	14.41999999999996
	-8.192	16.19599999999991
	-8.184	17.13600000000019
	-8.176	14.36799999999994
	-8.168	17.39599999999996
	-8.16	16.23200000000008
	-8.152	9.655999999999835
	-8.144	9.743999999999915
	-8.136	9.260000000000105
	-8.128	13.73600000000022
	-8.12	18.18399999999986
	-8.112	19.81999999999994
	-8.104	14.80399999999997
	-8.096	18.51200000000006
	-8.088	13.72000000000003
	-8.08	16.9319999999999
	-8.072	14.60400000000004
	-8.064	18.08799999999997
	-8.056	28.29600000000005
	-8.048	16.77600000000007
	-8.04	13.15999999999997
	-8.032	14.42000000000007
	-8.024	17.07999999999981
	-8.016	18.01600000000019
	-8.008	19.01199999999994
	-8	21.476
	-7.992	18.17599999999993
	-7.984	18.51600000000008
	-7.976	17.33999999999992
	-7.968	18.28000000000009
	-7.96	12.048
	-7.952	13.68799999999999
	-7.944	16.74400000000014
	-7.936	18.85599999999977
	-7.928	21.64399999999989
	-7.92	17.08000000000027
	-7.912	21.41600000000005
	-7.904	21.39199999999994
	-7.896	10.32399999999996
	-7.888	12.77999999999986
	-7.88	17.96400000000006
	-7.872	18.10800000000006
	-7.864	26.08400000000017
	-7.856	20.1279999999997
	-7.848	18.71600000000024
	-7.84	17.39999999999975
	-7.832	20.70400000000006
	-7.824	24.15599999999995
	-7.816	21.76000000000022
	-7.808	15.05999999999995
	-7.8	13.45599999999979
	-7.792	19.76000000000022
	-7.784	27.50399999999991
	-7.776	19.73599999999988
	-7.768	16.49600000000009
	-7.76	22.84800000000007
	-7.752	18.73199999999997
	-7.744	24.56000000000017
	-7.736	23.00799999999981
	-7.728	18.36399999999992
	-7.72	20.96400000000028
	-7.712	27.94400000000007
	-7.704	27.19599999999957
	-7.696	27.89200000000028
	-7.688	25.72399999999993
	-7.68	26.97199999999998
	-7.672	23.94400000000007
	-7.664	20.00800000000004
	-7.656	29.55199999999991
	-7.648	26.69600000000014
	-7.64	21.70399999999995
	-7.632	18.59199999999976
	-7.624	22.80400000000031
	-7.616	34.07999999999993
	-7.608	34.17200000000003
	-7.6	26.69199999999989
	-7.592	33.40399999999988
	-7.584	32.95200000000023
	-7.576	22.81199999999978
	-7.568	22.85599999999999
	-7.56	21.98400000000004
	-7.552	29.06399999999996
	-7.544	29.41600000000005
	-7.536	29.84400000000005
	-7.528	33.20799999999997
	-7.52	30.01600000000019
	-7.512	34.06399999999985
	-7.504	33.49999999999989
	-7.496	33.61200000000008
	-7.488	36.02399999999989
	-7.48	31.85600000000022
	-7.472	27.43200000000013
	-7.464	31.62799999999982
	-7.456	29.94799999999987
	-7.448	23.89200000000005
	-7.44	28.80399999999986
	-7.432	27.84800000000007
	-7.424	29.78800000000012
	-7.416	35.39599999999996
	-7.408	37.54400000000032
	-7.4	31.40799999999967
	-7.392	23.81600000000014
	-7.384	33.73999999999978
	-7.376	30.36800000000005
	-7.368	33.60000000000002
	-7.36	38.86000000000001
	-7.352	37.27200000000016
	-7.344	36.16799999999989
	-7.336	28.45999999999992
	-7.328	27.12800000000016
	-7.32	39.7600000000001
	-7.312	38.24799999999993
	-7.304	34.20399999999972
	-7.296	46.65200000000016
	-7.288	44.73600000000033
	-7.28	39.42799999999988
	-7.272	42.84799999999996
	-7.264	36.66799999999967
	-7.256	35.4920000000003
	-7.248	41.98399999999981
	-7.24	46.7639999999999
	-7.232	39.37600000000043
	-7.224	40.03999999999962
	-7.216	43.28399999999999
	-7.208	43.32000000000016
	-7.2	40.63200000000006
	-7.192	50.42400000000009
	-7.184	55.20799999999986
	-7.176	49.46400000000006
	-7.168	45.35199999999998
	-7.16	41.23599999999988
	-7.152	53.14800000000014
	-7.144	56.81200000000001
	-7.136	50.66000000000008
	-7.128	51.56399999999996
	-7.12	42.1479999999998
	-7.112	50.9319999999999
	-7.104	49.60000000000014
	-7.096	42.99600000000032
	-7.088	47.15599999999984
	-7.08	52.83200000000022
	-7.072	39.90399999999977
	-7.064	38.93600000000015
	-7.056	51.53999999999974
	-7.048	47.86400000000015
	-7.04	48.37599999999998
	-7.032	55.13600000000019
	-7.024	48.26399999999956
	-7.016	50.14400000000012
	-7.008	52.56799999999987
	-7	61.73600000000056
	-6.992	59.5319999999997
	-6.984	61.09199999999953
	-6.976	47.6560000000004
	-6.968	47.81599999999992
	-6.96	41.57200000000023
	-6.952	54.63999999999942
	-6.944	52.6000000000007
	-6.936	50.48799999999983
	-6.928	51.60000000000025
	-6.92	59.93999999999971
	-6.912	57.94400000000007
	-6.904	47.68399999999997
	-6.896	56.45600000000013
	-6.888	52.78399999999965
	-6.88	55.62800000000016
	-6.872	65.12400000000002
	-6.864	67.06799999999998
	-6.856	68.66399999999987
	-6.848	53.08399999999995
	-6.84	55.16399999999987
	-6.832	53.30800000000022
	-6.824	50.39999999999998
	-6.816	61.96799999999973
	-6.808	55.28800000000035
	-6.8	50.32799999999997
	-6.792	52.05999999999983
	-6.784	56.27200000000028
	-6.776	59.02799999999991
	-6.768	63.86800000000005
	-6.76	60.2679999999998
	-6.752	57.64800000000048
	-6.744	58.5439999999993
	-6.736	50.26000000000033
	-6.728	50.17200000000014
	-6.72	59.54799999999966
	-6.712	53.92400000000055
	-6.704	56.09599999999966
	-6.696	60.04000000000008
	-6.688	60.75999999999999
	-6.68	62.4079999999999
	-6.672	54.94400000000007
	-6.664	57.55999999999983
	-6.656	57.74000000000001
	-6.648	62.43200000000024
	-6.64	65.12
	-6.632	43.92399999999952
	-6.624	45.26800000000048
	-6.616	52.93199999999979
	-6.608	47.20000000000016
	-6.6	57.3359999999999
	-6.592	58.36800000000005
	-6.584	54.54399999999998
	-6.576	66.79200000000003
	-6.568	63.19999999999993
	-6.56	66.23199999999986
	-6.552	61.7320000000002
	-6.544	63.40800000000002
	-6.536	55.37199999999973
	-6.528	52.33200000000045
	-6.52	53.52399999999977
	-6.512	51.91200000000003
	-6.504	44.86400000000003
	-6.496	47.66799999999989
	-6.488	52.71600000000024
	-6.48	59.42799999999943
	-6.472	53.71600000000046
	-6.464	72.41200000000015
	-6.456	68.26800000000014
	-6.448	57.75599999999986
	-6.44	52.42799999999988
	-6.432	57.572
	-6.424	61.4319999999999
	-6.416	53.26400000000001
	-6.408	61.77199999999993
	-6.4	56.62400000000036
	-6.392	59.56799999999942
	-6.384	61.38000000000056
	-6.376	49.0999999999998
	-6.368	55.65999999999974
	-6.36	61.53200000000027
	-6.352	60.04399999999976
	-6.344	57.48000000000013
	-6.336	51.92400000000021
	-6.328	60.12399999999968
	-6.32	56.44799999999987
	-6.312	55.68400000000008
	-6.304	50.54400000000021
	-6.296	61.83600000000001
	-6.288	48.30399999999997
	-6.28	48.79599999999959
	-6.272	57.18000000000052
	-6.264	60.13199999999983
	-6.256	63.20000000000016
	-6.248	49.87599999999986
	-6.24	47.87200000000007
	-6.232	56.46399999999994
	-6.224	56.43999999999971
	-6.216	63.0120000000004
	-6.208	51.55199999999991
	-6.2	52.23599999999976
	-6.192	63.53200000000015
	-6.184	59.94400000000007
	-6.176	58.89599999999973
	-6.168	60.12800000000038
	-6.16	60.16800000000012
	-6.152	54.91599999999983
	-6.144	56.07999999999993
	-6.136	59.77999999999986
	-6.128	57.26400000000058
	-6.12	66.07599999999979
	-6.112	66.37199999999984
	-6.104	69.82800000000032
	-6.096	63.31999999999971
	-6.088	63.38399999999979
	-6.08	70.596
	-6.072	62.26400000000012
	-6.064	63.80400000000009
	-6.056	56.10000000000036
	-6.048	68.55599999999947
	-6.04	62.18400000000008
	-6.032	50.18000000000018
	-6.024	54.70800000000008
	-6.016	60.87999999999977
	-6.008	59.32799999999986
	-6	61.23999999999978
	-5.992	68.60400000000061
	-5.984	67.55199999999979
	-5.976	61.37599999999998
	-5.968	61.48799999999972
	-5.96	59.54399999999998
	-5.952	62.00000000000023
	-5.944	56.39199999999983
	-5.936	55.00000000000057
	-5.928	67.8439999999996
	-5.92	63.52799999999979
	-5.912	65.38800000000026
	-5.904	72.16399999999942
	-5.896	54.99600000000009
	-5.888	69.09200000000055
	-5.88	72.95999999999901
	-5.872	57.3480000000003
	-5.864	67.94400000000053
	-5.856	70.26399999999944
	-5.848	57.22800000000086
	-5.84	59.83599999999944
	-5.832	63.83600000000013
	-5.824	72.10799999999983
	-5.816	66.06400000000053
	-5.808	71.99599999999998
	-5.8	82.07199999999966
	-5.792	70.50799999999992
	-5.784	62.77999999999975
	-5.776	74.31600000000049
	-5.768	69.37599999999941
	-5.76	68.37600000000032
	-5.752	71.16399999999976
	-5.744	74.1920000000008
	-5.736	61.31599999999969
	-5.728	63.02799999999934
	-5.72	63.32000000000016
	-5.712	69.40400000000056
	-5.704	69.3359999999999
	-5.696	76.61199999999974
	-5.688	69.26400000000024
	-5.68	75.21599999999921
	-5.672	62.84400000000051
	-5.664	71.52800000000013
	-5.656	73.25199999999995
	-5.648	67.22400000000005
	-5.64	55.30000000000075
	-5.632	73.66799999999864
	-5.624	81.69600000000037
	-5.616	75.1679999999991
	-5.608	62.56000000000142
	-5.6	72.39599999999905
	-5.592	76.86400000000037
	-5.584	60.01600000000008
	-5.576	61.8919999999996
	-5.568	67.02800000000025
	-5.56	70.2360000000001
	-5.552	86.58800000000065
	-5.544	71.30799999999886
	-5.536	79.32800000000111
	-5.528	79.83599999999933
	-5.52	67.68799999999874
	-5.512	61.79600000000096
	-5.504	53.10800000000017
	-5.496	52.75999999999999
	-5.488	69.25199999999973
	-5.48	65.88400000000047
	-5.472	61.82799999999975
	-5.464	71.23199999999974
	-5.456	70.2600000000009
	-5.448	67.74399999999923
	-5.44	78.48800000000006
	-5.432	69.63200000000165
	-5.424	75.1919999999991
	-5.416	64.56399999999917
	-5.408	61.40400000000068
	-5.4	55.74799999999959
	-5.392	60.25999999999885
	-5.384	60.68000000000006
	-5.376	64.92400000000021
	-5.368	76.28800000000092
	-5.36	75.33999999999992
	-5.352	56.9360000000006
	-5.344	72.19199999999933
	-5.336	65.87999999999897
	-5.328	57.06400000000122
	-5.32	64.79999999999995
	-5.312	70.88799999999924
	-5.304	58.41200000000094
	-5.296	49.96800000000007
	-5.288	70.4239999999993
	-5.28	75.25599999999986
	-5.272	66.48400000000061
	-5.264	64.37599999999952
	-5.256	62.29599999999914
	-5.248	63.80000000000177
	-5.24	55.48399999999992
	-5.232	50.71199999999931
	-5.224	56.18000000000075
	-5.216	73.41999999999848
	-5.208	65.26000000000113
	-5.2	57.02399999999989
	-5.192	48.38400000000047
	-5.184	58.08399999999938
	-5.176	68.81999999999994
	-5.168	64.4200000000003
	-5.16	70.85999999999922
	-5.152	54.56800000000112
	-5.144	61.21999999999935
	-5.136	54.41999999999962
	-5.128	65.90000000000009
	-5.12	70.28800000000024
	-5.112	64.19200000000046
	-5.104	62.97199999999953
	-5.096	44.65599999999972
	-5.088	57.25600000000099
	-5.08	57.5359999999996
	-5.072	63.55199999999968
	-5.064	65.48800000000028
	-5.056	74.75999999999931
	-5.048	52.7440000000006
	-5.04	54.1040000000005
	-5.032	60.39600000000019
	-5.024	56.05599999999913
	-5.016	55.32800000000066
	-5.008	58.90399999999931
	-5	61.50000000000023
	-4.992	64.25200000000063
	-4.984	58.21999999999957
	-4.976	53.99599999999987
	-4.968	53.88400000000001
	-4.96	58.07600000000093
	-4.952	56.80400000000009
	-4.944	55.03599999999892
	-4.936	54.41599999999949
	-4.928	67.45600000000081
	-4.92	65.14400000000001
	-4.912	63.24000000000115
	-4.904	64.45999999999867
	-4.896	56.8760000000002
	-4.888	51.20400000000041
	-4.88	68.31999999999903
	-4.872	56.13999999999987
	-4.864	58.69600000000128
	-4.856	66.76799999999912
	-4.848	66.74799999999982
	-4.84	58.90400000000068
	-4.832	70.2039999999995
	-4.824	48.61599999999999
	-4.816	59.11999999999944
	-4.808	59.14400000000001
	-4.8	55.3400000000006
	-4.792	67.22399999999993
	-4.784	56.56799999999998
	-4.776	66.73599999999965
	-4.768	62.25600000000077
	-4.76	52.70000000000027
	-4.752	56.07199999999943
	-4.744	55.95200000000068
	-4.736	57.71599999999989
	-4.728	76.82799999999884
	-4.72	66.20800000000054
	-4.712	48.39200000000142
	-4.704	60.26399999999808
	-4.696	55.49600000000078
	-4.688	57.89200000000005
	-4.68	49.63200000000006
	-4.672	51.05999999999972
	-4.664	57.64800000000059
	-4.656	57.51999999999907
	-4.648	47.65200000000004
	-4.64	58.05200000000013
	-4.632	62.25599999999895
	-4.624	66.64400000000069
	-4.616	55.07200000000034
	-4.608	59.09199999999942
	-4.6	59.32800000000066
	-4.592	53.28400000000056
	-4.584	58.31599999999844
	-4.576	58.0240000000008
	-4.568	58.43200000000047
	-4.56	53.99199999999951
	-4.552	55.77199999999971
	-4.544	49.97600000000057
	-4.536	56.60400000000027
	-4.528	51.42000000000007
	-4.52	53.94799999999964
	-4.512	60.90800000000013
	-4.504	57.51200000000017
	-4.496	54.87599999999975
	-4.488	55.81999999999994
	-4.48	55.39999999999895
	-4.472	52.97200000000043
	-4.464	57.50800000000049
	-4.456	56.04400000000123
	-4.448	53.53999999999974
	-4.44	55.5879999999986
	-4.432	55.3280000000002
	-4.424	53.02800000000093
	-4.416	65.2519999999995
	-4.408	62.80399999999963
	-4.4	55.57999999999993
	-4.392	55.1680000000008
	-4.384	54.15199999999959
	-4.376	56.19199999999933
	-4.368	51.75999999999999
	-4.36	45.67200000000071
	-4.352	56.88799999999992
	-4.344	60.73200000000043
	-4.336	60.7440000000006
	-4.328	55.99199999999928
	-4.32	60.60399999999913
	-4.312	57.74400000000151
	-4.304	57.97199999999953
	-4.296	46.61599999999976
	-4.288	55.82800000000066
	-4.28	59.92799999999897
	-4.272	60.39599999999973
	-4.264	56.24000000000024
	-4.256	58.72400000000039
	-4.248	64.94399999999882
	-4.24	49.76800000000048
	-4.232	53.57200000000194
	-4.224	58.29199999999878
	-4.216	55.01199999999949
	-4.208	54.64400000000023
	-4.2	60.4239999999993
	-4.192	52.96800000000076
	-4.184	57.83599999999956
	-4.176	54.34800000000109
	-4.168	50.78799999999865
	-4.16	51.75600000000031
	-4.152	58.72000000000162
	-4.144	61.39999999999941
	-4.136	60.23999999999955
	-4.128	54.1599999999994
	-4.12	51.0760000000007
	-4.112	48.39199999999914
	-4.104	54.76400000000012
	-4.096	51.30000000000064
	-4.088	51.22800000000029
	-4.08	59.2879999999991
	-4.072	57.4640000000004
	-4.064	54.88000000000011
	-4.056	53.42799999999988
	-4.048	47.32399999999916
	-4.04	50.77600000000029
	-4.032	45.41200000000026
	-4.024	44.72400000000061
	-4.016	57.6439999999991
	-4.008	62.08399999999983
	-4	53.04800000000023
	-3.992	48.84400000000073
	-3.984	52.1279999999997
	-3.976	57.15199999999913
	-3.968	42.32400000000121
	-3.96	47.54799999999977
	-3.952	44.31600000000026
	-3.944	44.33999999999969
	-3.936	54.57599999999979
	-3.928	47.47600000000034
	-3.92	47.11199999999917
	-3.912	51.79600000000073
	-3.904	60.78399999999942
	-3.896	45.00000000000068
	-3.888	48.02400000000011
	-3.88	51.31999999999994
	-3.872	44.28399999999942
	-3.864	40.74000000000069
	-3.856	53.60399999999959
	-3.848	51.63599999999997
	-3.84	51.54000000000019
	-3.832	46.4559999999999
	-3.824	45.93999999999983
	-3.816	56.75600000000077
	-3.808	52.60799999999927
	-3.8	53.38800000000037
	-3.792	57.49999999999977
	-3.784	52.01600000000008
	-3.776	39.74000000000001
	-3.768	39.46000000000004
	-3.76	50.41599999999971
	-3.752	50.75999999999999
	-3.744	53.76800000000003
	-3.736	41.33200000000033
	-3.728	45.99599999999964
	-3.72	46.31200000000149
	-3.712	42.99599999999828
	-3.704	39.19200000000046
	-3.696	33.79199999999992
	-3.688	48.21999999999957
	-3.68	44.88000000000034
	-3.672	43.80399999999986
	-3.664	39.85200000000054
	-3.656	44.06399999999917
	-3.648	41.58799999999997
	-3.64	34.13600000000088
	-3.632	40.33200000000056
	-3.624	44.91199999999822
	-3.616	49.04400000000101
	-3.608	42.39999999999964
	-3.6	39.48400000000015
	-3.592	42.56800000000089
	-3.584	44.41599999999949
	-3.576	44.3479999999995
	-3.568	46.30000000000109
	-3.56	40.77199999999903
	-3.552	34.3760000000002
	-3.544	44.08400000000051
	-3.536	37.8639999999989
	-3.528	43.75200000000041
	-3.52	42.92799999999966
	-3.512	43.59999999999991
	-3.504	38.14400000000023
	-3.496	35.87200000000075
	-3.488	39.50399999999991
	-3.48	40.56399999999962
	-3.472	40.28800000000069
	-3.464	48.45199999999954
	-3.456	36.75199999999973
	-3.448	40.14000000000055
	-3.44	43.9639999999988
	-3.432	40.06000000000063
	-3.424	40.49599999999987
	-3.416	40.56400000000031
	-3.408	37.63200000000006
	-3.4	28.81599999999958
	-3.392	27.2920000000006
	-3.384	29.87999999999943
	-3.376	34.54000000000042
	-3.368	35.71600000000035
	-3.36	34.3479999999995
	-3.352	31.58800000000019
	-3.344	38.92000000000053
	-3.336	47.0439999999985
	-3.328	50.82799999999997
	-3.32	37.26000000000113
	-3.312	34.16799999999989
	-3.304	31.952
	-3.296	36.75199999999973
	-3.288	34.28000000000043
	-3.28	38.17199999999934
	-3.272	43.22800000000007
	-3.264	42.10000000000059
	-3.256	42.02400000000011
	-3.248	50.91599999999949
	-3.24	41.94800000000009
	-3.232	34.01600000000008
	-3.224	37.04799999999955
	-3.216	30
	-3.208	39.41999999999985
	-3.2	35.64400000000091
	-3.192	37.61199999999894
	-3.184	38.28000000000043
	-3.176	35.16400000000044
	-3.168	33.63200000000029
	-3.16	41.49999999999977
	-3.152	53.09199999999987
	-3.144	38.67999999999938
	-3.136	39.54800000000046
	-3.128	45.38000000000011
	-3.12	40.87199999999962
	-3.112	37.60400000000004
	-3.104	38.03199999999993
	-3.096	38.23200000000111
	-3.088	47.93999999999892
	-3.08	42.97600000000034
	-3.072	39.86000000000058
	-3.064	44.27599999999916
	-3.056	36.86800000000039
	-3.048	38.53599999999938
	-3.04	42.56000000000108
	-3.032	34.03999999999951
	-3.024	35.51599999999985
	-3.016	47.96000000000004
	-3.008	42.16000000000008
	-3	43.24400000000082
	-2.992	51.02799999999866
	-2.984	47.33999999999946
	-2.976	40.17200000000093
	-2.968	39.52399999999989
	-2.96	37.24799999999959
	-2.952	45.39200000000073
	-2.944	40.96800000000076
	-2.936	45.15999999999894
	-2.928	43.18800000000033
	-2.92	46.91199999999958
	-2.912	48.19599999999991
	-2.904	47.64800000000059
	-2.896	46.9399999999996
	-2.888	41.97600000000034
	-2.88	46.42000000000007
	-2.872	47.72800000000029
	-2.864	45.48400000000061
	-2.856	45.08799999999906
	-2.848	38.32400000000007
	-2.84	43.63599999999883
	-2.832	58.21600000000035
	-2.824	48.400000000001
	-2.816	50.86399999999935
	-2.808	60.59999999999991
	-2.8	60.9360000000006
	-2.792	52.39199999999937
	-2.784	51.72400000000061
	-2.776	57.40799999999922
	-2.768	61.14400000000137
	-2.76	62.45199999999932
	-2.752	62.996000000001
	-2.744	58.9639999999988
	-2.736	52.15600000000063
	-2.728	65.15199999999982
	-2.72	64.68799999999987
	-2.712	59.37600000000043
	-2.704	66.91999999999939
	-2.696	68.82399999999939
	-2.688	79.05200000000013
	-2.68	70.34000000000083
	-2.672	78.75999999999954
	-2.664	72.04800000000068
	-2.656	91.31199999999831
	-2.648	95.0440000000001
	-2.64	73.80000000000064
	-2.632	70.63200000000097
	-2.624	100.4520000000002
	-2.616	97.59599999999864
	-2.608	104.6639999999991
	-2.6	123.7440000000017
	-2.592	121.8680000000011
	-2.584	122.9079999999994
	-2.576	138.048
	-2.568	151.3760000000002
	-2.56	144.9159999999997
	-2.552	156.3880000000006
	-2.544	171.2920000000006
	-2.536	167.6599999999983
	-2.528	172.9640000000004
	-2.52	179.3239999999989
	-2.512	179.6440000000005
	-2.504	192.3000000000013
	-2.496	216.8639999999991
	-2.488	217.9680000000005
	-2.48	224.4240000000016
	-2.472	232.047999999997
	-2.464	245.6840000000004
	-2.456	256.0600000000013
	-2.448	282.1199999999997
	-2.44	303.7360000000003
	-2.432	296.2760000000007
	-2.424	325.4399999999985
	-2.416	329.6719999999998
	-2.408	355.7679999999982
	-2.4	340.9680000000035
	-2.392	355.1359999999997
	-2.384	363.2119999999989
	-2.376	436.5600000000022
	-2.368	457.9199999999978
	-2.36	432.0119999999999
	-2.352	473.8160000000041
	-2.344	496.5439999999951
	-2.336	506.9600000000037
	-2.328	536.8119999999976
	-2.32	522.5079999999994
	-2.312	539.3720000000023
	-2.304	598.5039999999985
	-2.296	614.1200000000026
	-2.288	615.3240000000017
	-2.28	661.3119999999956
	-2.272	657.2360000000019
	-2.264	649.0080000000009
	-2.256	692.9279999999987
	-2.248	721.2000000000025
	-2.24	706.7439999999981
	-2.232	755.3360000000011
	-2.224	825.1999999999989
	-2.216	801.7040000000011
	-2.208	865.0599999999988
	-2.2	886.0160000000012
	-2.192	971.2159999999947
	-2.184	1000.592
	-2.176	1012.324000000003
	-2.168	1075.620000000002
	-2.16	1108.391999999999
	-2.152	1150.960000000005
	-2.144	1228.895999999998
	-2.136	1282.475999999999
	-2.128	1292.628000000001
	-2.12	1433.199999999995
	-2.112	1503.336000000007
	-2.104	1581.635999999993
	-2.096	1594.220000000002
	-2.088	1684.828000000006
	-2.08	1756.271999999993
	-2.072	1748.332000000004
	-2.064	1882.704000000001
	-2.056	1976.376
	-2.048	1983.823999999998
	-2.04	2058.824
	-2.032	2051.736000000004
	-2.024	2018.723999999994
	-2.016	2051.088000000002
	-2.008	2061.736000000002
	-2	2051.416000000002
	-1.992	2052.943999999998
	-1.984	1999.560000000001
	-1.976	1903.907999999997
	-1.968	1834.791999999998
	-1.96	1719.604000000001
	-1.952	1695.535999999997
	-1.944	1620.536000000002
	-1.936	1519.800000000004
	-1.928	1456.143999999999
	-1.92	1364.735999999995
	-1.912	1344.772000000002
	-1.904	1316.051999999996
	-1.896	1222.804000000004
	-1.888	1242.468000000005
	-1.88	1181.379999999995
	-1.872	1170.819999999999
	-1.864	1205.688000000003
	-1.856	1209.480000000001
	-1.848	1249.043999999999
	-1.84	1257.907999999999
	-1.832	1315.828000000002
	-1.824	1375.744000000001
	-1.816	1442.579999999999
	-1.808	1466.031999999998
	-1.8	1554.620000000004
	-1.792	1689.971999999997
	-1.784	1802.688000000003
	-1.776	1889.668
	-1.768	1937.171999999996
	-1.76	1984.900000000009
	-1.752	2130.739999999997
	-1.744	2056.359999999998
	-1.736	2169.884
	-1.728	2225.628000000003
	-1.72	2264.295999999998
	-1.712	2202.803999999996
	-1.704	2199.168000000004
	-1.696	2294.219999999997
	-1.688	2232.812000000004
	-1.68	2161.739999999988
	-1.672	2022.552000000008
	-1.664	1842.243999999997
	-1.656	1748.131999999997
	-1.648	1598.195999999999
	-1.64	1435.488000000003
	-1.632	1393.188000000001
	-1.624	1260.847999999996
	-1.616	1111.927999999996
	-1.608	1000.388000000002
	-1.6	960.8320000000026
	-1.592	885.2759999999998
	-1.584	862.8520000000017
	-1.576	816.7160000000024
	-1.568	806.3919999999948
	-1.56	702.2880000000005
	-1.552	673.4760000000024
	-1.544	662.4199999999994
	-1.536	643.0239999999988
	-1.528	597.4319999999984
	-1.52	561.8480000000009
	-1.512	568.2120000000007
	-1.504	570.4320000000009
	-1.496	509.8159999999996
	-1.488	472.6760000000002
	-1.48	484.1919999999986
	-1.472	474.5080000000025
	-1.464	442.6519999999962
	-1.456	430.2879999999998
	-1.448	377.9839999999995
	-1.44	341.0120000000006
	-1.432	362.6400000000042
	-1.424	343.5839999999953
	-1.416	282.164
	-1.408	274.4840000000008
	-1.4	242.3280000000009
	-1.392	223.3199999999981
	-1.384	213.6799999999994
	-1.376	228.0960000000011
	-1.368	211.304000000001
	-1.36	177.0480000000007
	-1.352	140.027999999998
	-1.344	153.6960000000006
	-1.336	152.5319999999995
	-1.328	135.3560000000004
	-1.32	132.1640000000004
	-1.312	118.7239999999993
	-1.304	108.2199999999996
	-1.296	99.94400000000201
	-1.288	82.81599999999844
	-1.28	76.38400000000047
	-1.272	76.67999999999915
	-1.264	71.01199999999972
	-1.256	69.48400000000015
	-1.248	73.99999999999955
	-1.24	59.97200000000134
	-1.232	64.83999999999901
	-1.224	63.89600000000041
	-1.216	54.8159999999998
	-1.208	46.02399999999989
	-1.2	50.49199999999951
	-1.192	50.1040000000005
	-1.184	54.84400000000051
	-1.176	50.19599999999946
	-1.168	44.27600000000052
	-1.16	39.20000000000005
	-1.152	32.6919999999991
	-1.144	35.97600000000034
	-1.136	35.79200000000014
	-1.128	35.21200000000044
	-1.12	43.07599999999957
	-1.112	44.6680000000008
	-1.104	35.13999999999896
	-1.096	33.88799999999992
	-1.088	30.13600000000088
	-1.08	34.17199999999866
	-1.072	33.08400000000051
	-1.064	31.54400000000055
	-1.056	35.95999999999958
	-1.048	34.04000000000019
	-1.04	27.41200000000003
	-1.032	25.07999999999993
	-1.024	33.71199999999999
	-1.016	27.56400000000008
	-1.008	29.46800000000053
	-1	29.47999999999934
	-0.992000000000001	27.15199999999982
	-0.984	26.03200000000083
	-0.976000000000001	33.87999999999965
	-0.968	33.38799999999947
	-0.960000000000001	24.22000000000025
	-0.952	25.33999999999969
	-0.944000000000001	27.23600000000056
	-0.936	29.83599999999956
	-0.928000000000001	25.24400000000082
	-0.92	24.65599999999949
	-0.912000000000001	26.76399999999944
	-0.904	25.78000000000043
	-0.896000000000001	29.86800000000017
	-0.888	29.80800000000022
	-0.880000000000001	26.67200000000025
	-0.872	23.15599999999972
	-0.864000000000001	30.24399999999923
	-0.856	18.24400000000014
	-0.848000000000001	19.81200000000058
	-0.84	23.83200000000033
	-0.832000000000001	23.96000000000026
	-0.824	17.85599999999909
	-0.816000000000001	21.82800000000066
	-0.808	20.57999999999925
	-0.800000000000001	21.20800000000008
	-0.792	24.04000000000019
	-0.784000000000001	21.77999999999997
	-0.776	24.37599999999998
	-0.768000000000001	26.42800000000034
	-0.76	21.91999999999985
	-0.752000000000001	24.58399999999961
	-0.744	22.26800000000003
	-0.736000000000001	31.24799999999937
	-0.728	33.91600000000062
	-0.720000000000001	29.21200000000044
	-0.712	32.03599999999938
	-0.704000000000001	31.72000000000025
	-0.696	30.70399999999995
	-0.688000000000001	36.64800000000037
	-0.68	30.46399999999971
	-0.672000000000001	30.72799999999984
	-0.664	34.9559999999999
	-0.656000000000001	43.3840000000007
	-0.648	40.51600000000008
	-0.640000000000001	40.7559999999994
	-0.632	41.2160000000008
	-0.624000000000001	55.95999999999935
	-0.616	54.61600000000089
	-0.608000000000001	54.57599999999957
	-0.6	62.17599999999879
	-0.592000000000001	57.83200000000124
	-0.584	64.551999999999
	-0.576000000000001	61.91600000000153
	-0.568	62.79199999999878
	-0.56	63.82800000000043
	-0.552	64.26399999999944
	-0.544	86.04800000000023
	-0.536	90.02800000000025
	-0.528	94.27599999999984
	-0.52	96.46399999999994
	-0.512	100.4160000000004
	-0.504	101.3119999999992
	-0.496	122.6120000000017
	-0.488	100.7199999999998
	-0.48	113.271999999999
	-0.472	120.2160000000003
	-0.464	124.2080000000005
	-0.456	138.6879999999992
	-0.448	156.9000000000005
	-0.44	150.1799999999978
	-0.432	144.2120000000018
	-0.424000000000001	170.4920000000013
	-0.416	199.791999999999
	-0.408000000000001	193.0640000000001
	-0.4	218.9519999999986
	-0.392000000000001	212.4560000000017
	-0.384	224.8360000000007
	-0.376000000000001	247.6639999999993
	-0.368	264.0239999999988
	-0.360000000000001	314.2200000000023
	-0.352	346.5040000000015
	-0.344000000000001	395.0359999999982
	-0.336	419.1120000000005
	-0.328000000000001	464.7799999999991
	-0.32	504.0120000000031
	-0.312000000000001	559.8639999999968
	-0.304	588.5120000000015
	-0.296000000000001	621.7119999999998
	-0.288	610.3040000000028
	-0.280000000000001	574.307999999997
	-0.272	545.4120000000003
	-0.264000000000001	491.7480000000003
	-0.256	471.3119999999972
	-0.248000000000001	391.4240000000011
	-0.24	309.1639999999989
	-0.232000000000001	285.1600000000012
	-0.224	237.2399999999996
	-0.216000000000001	199.7999999999988
	-0.208	160.4040000000002
	-0.200000000000001	130.5320000000008
	-0.192	106.9759999999983
	-0.184000000000001	104.2680000000012
	-0.176	96.31199999999967
	-0.168000000000001	90.13999999999965
	-0.16	76.87200000000007
	-0.152000000000001	76.08400000000074
	-0.144	69.62799999999947
	-0.136000000000001	75.92400000000089
	-0.128	70.81199999999853
	-0.120000000000001	72.69599999999991
	-0.112	61.57600000000048
	-0.104000000000001	68.85599999999954
	-0.0960000000000001	75.16800000000035
	-0.088000000000001	75.36800000000108
	-0.0800000000000001	78.05199999999968
	-0.072000000000001	76.19199999999933
	-0.0640000000000001	73.90000000000123
	-0.0560000000000009	94.6079999999979
	-0.048	89.74000000000183
	-0.0400000000000009	87.27599999999984
	-0.032	90.98000000000002
	-0.0240000000000009	93.12000000000012
	-0.016	97.17999999999984
	-0.0080000000000009	102.1039999999996
	0	98.3240000000003
	0.00799999999999912	105.4760000000001
	0.016	105.3320000000003
	0.0239999999999991	108.8679999999999
	0.032	114.3159999999993
	0.0399999999999991	95.44800000000009
	0.048	75.72399999999971
	0.0559999999999992	68.56400000000144
	0.0640000000000001	68.1439999999991
	0.0719999999999992	63.66399999999908
	0.0800000000000001	53.82800000000066
	0.0879999999999992	39.82399999999984
	0.0960000000000001	26.66000000000008
	0.103999999999999	28.72799999999984
	0.112	37.17200000000071
	0.119999999999999	27.17599999999902
	0.128	16.31600000000026
	0.135999999999999	11.65600000000018
	0.144	14.12399999999957
	0.151999999999999	16.07600000000002
	0.16	10.02400000000011
	0.167999999999999	10.96000000000026
	0.176	13.27199999999993
	0.183999999999999	15.51600000000008
	0.192	10.10399999999936
	0.199999999999999	12.3720000000003
	0.208	4.876000000000204
	0.215999999999999	5.220000000000255
	0.224	12.89599999999973
	0.231999999999999	9.968000000000302
	0.24	10.99999999999977
	0.247999999999999	13.22399999999993
	0.256	5.487999999999829
	0.263999999999999	10.93200000000002
	0.272	10.35199999999986
	0.279999999999999	5.096000000000231
	0.288	6.152000000000044
	0.295999999999999	11.84799999999996
	0.304	7.148000000000138
	0.311999999999999	4.97199999999998
	0.32	7.052000000000362
	0.327999999999999	8.987999999999374
	0.336	9.412000000000262
	0.343999999999999	9.323999999999842
	0.352	12.78399999999988
	0.359999999999999	8.2800000000002
	0.368	9.388000000000147
	0.375999999999999	8.903999999999769
	0.384	6.848000000000184
	0.391999999999999	10.08400000000006
	0.4	7.627999999999929
	0.407999999999999	9.679999999999836
	0.416	7.648000000000138
	0.423999999999999	6.38799999999992
	0.432	8.268000000000029
	0.44	8.279999999999518
	0.448	8.032000000000608
	0.456	10.08799999999997
	0.464	6.980000000000246
	0.472	8.835999999999558
	0.48	7.80800000000022
	0.488	6.236000000000104
	0.496	6.344000000000278
	0.504	10.58799999999974
	0.512	8.77599999999984
	0.52	6.755999999999858
	0.528	7.076000000000022
	0.536	5.012000000000171
	0.544	6.867999999999938
	0.552	7.055999999999813
	0.56	8.776000000000067
	0.568	5.1400000000001
	0.576000000000001	6.408000000000129
	0.584	4.019999999999754
	0.591999999999999	4.379999999999882
	0.6	5.600000000000364
	0.607999999999999	7.643999999999551
	0.616	5.800000000000182
	0.623999999999999	5.368000000000166
	0.632	6.75200000000018
	0.639999999999999	12.82399999999984
	0.648	8.091999999999871
	0.655999999999999	8.991999999999962
	0.664	8.348000000000411
	0.671999999999999	10.53599999999938
	0.68	4.468000000000302
	0.687999999999999	2.504000000000133
	0.696	5.839999999999918
	0.703999999999999	8.943999999999733
	0.712	7.144000000000233
	0.719999999999999	8.868000000000393
	0.728	9.779999999999518
	0.735999999999999	6.47199999999998
	0.744	6.388000000000147
	0.751999999999999	7.215999999999667
	0.76	10.40800000000013
	0.767999999999999	8.756000000000085
	0.776	3.012000000000171
	0.783999999999999	4.163999999999987
	0.792	4.872000000000298
	0.799999999999999	7.491999999999507
	0.808	6.048000000000002
	0.815999999999999	3.800000000000409
	0.824	3.227999999999838
	0.831999999999999	6.159999999999627
	0.84	5.740000000000009
	0.847999999999999	4.436000000000149
	0.856	2.47199999999998
	0.863999999999999	4.903999999999996
	0.872	3.91599999999994
	0.879999999999999	4.827999999999975
	0.888	5.176000000000158
	0.895999999999999	4.003999999999905
	0.904	3.320000000000164
	0.911999999999999	6.871999999999844
	0.92	8.240000000000009
	0.927999999999999	7.251999999999725
	0.936	4.640000000000327
	0.943999999999999	1.384000000000015
	0.952	4.324000000000069
	0.959999999999999	6.947999999999865
	0.968	5.911999999999807
	0.975999999999999	2.816000000000258
	0.984	3.991999999999962
	0.991999999999999	5.783999999999878
	1	3.61200000000008
	1.008	5.115999999999985
	1.016	3.680000000000064
	1.024	4.69600000000014
	1.032	5.823999999999842
	1.04	3.804000000000315
	1.048	6.415999999999485
	1.056	4.58800000000042
	1.064	7.291999999999689
	1.072	7.724000000000387
	1.08	5.567999999999756
	1.088	5.495999999999867
	1.096	5.104000000000042
	1.104	4.880000000000109
	1.112	4.399999999999864
	1.12	7.396000000000186
	1.128	7.099999999999682
	1.136	6.920000000000073
	1.144	4.380000000000109
	1.152	6.367999999999938
	1.16	2.372000000000071
	1.168	3.476000000000113
	1.176	3.571999999999889
	1.184	6.995999999999867
	1.192	5.580000000000382
	1.2	3.475999999999885
	1.208	4.955999999999904
	1.216	2.52800000000002
	1.224	1.936000000000149
	1.232	4.771999999999935
	1.24	6.384000000000015
	1.248	5.375999999999976
	1.256	5.920000000000073
	1.264	6.847999999999956
	1.272	6.947999999999638
	1.28	6.328000000000202
	1.288	3.69199999999978
	1.296	2.396000000000186
	1.304	2.260000000000218
	1.312	5.239999999999782
	1.32	2.408000000000129
	1.328	4.723999999999933
	1.336	9.288000000000011
	1.344	3.240000000000009
	1.352	2.796000000000276
	1.36	6.487999999999602
	1.368	3.812000000000126
	1.376	3.235999999999876
	1.384	4.80800000000022
	1.392	9.548000000000002
	1.4	4.644000000000005
	1.408	5.395999999999958
	1.416	7.272000000000162
	1.424	5.523999999999887
	1.432	4.011999999999716
	1.44	4.980000000000018
	1.448	2.25200000000018
	1.456	3.087999999999965
	1.464	5.723999999999705
	1.472	4.120000000000346
	1.48	3.624000000000024
	1.488	5.055999999999813
	1.496	4.624000000000024
	1.504	2.752000000000407
	1.512	2.871999999999616
	1.52	4.067999999999984
	1.528	2.636000000000195
	1.536	1.576000000000022
	1.544	3.851999999999862
	1.552	4.380000000000109
	1.56	4.863999999999805
	1.568	4.203999999999951
	1.576	7.040000000000191
	1.584	5.467999999999847
	1.592	4.08400000000006
	1.6	3.064000000000078
	1.608	2.503999999999905
	1.616	2.324000000000296
	1.624	6.819999999999936
	1.632	4.819999999999709
	1.64	1.616000000000213
	1.648	2.420000000000073
	1.656	5.77599999999984
	1.664	5.399999999999864
	1.672	3.928000000000111
	1.68	4.255999999999858
	1.688	5.279999999999973
	1.696	3.080000000000155
	1.704	3.968000000000075
	1.712	2.276000000000067
	1.72	0.8119999999998981
	1.728	2.516000000000076
	1.736	2.195999999999913
	1.744	4.13599999999974
	1.752	3.012000000000171
	1.76	2.632000000000062
	1.768	5.552000000000135
	1.776	3.659999999999854
	1.784	3.288000000000011
	1.792	1.428000000000111
	1.8	1.55600000000004
	1.808	5.007999999999811
	1.816	6.528000000000247
	1.824	5.860000000000127
	1.832	3.727999999999838
	1.84	2.151999999999816
	1.848	5.271999999999935
	1.856	3.660000000000082
	1.864	1.816000000000031
	1.872	1.124000000000251
	1.88	6.147999999999456
	1.888	2.880000000000109
	1.896	2.016000000000304
	1.904	3.672000000000025
	1.912	1.347999999999956
	1.92	2.508000000000038
	1.928	2.051999999999907
	1.936	3.948000000000093
	1.944	1.30399999999986
	1.952	1.336000000000013
	1.96	2.94399999999996
	1.968	2.604000000000042
	1.976	3.83199999999988
	1.984	1.1400000000001
	1.992	0.47199999999998
	2	0.6720000000000255
	2.008	1.223999999999933
	2.016	1.488000000000056
	2.024	4.295999999999822
	2.032	1.852000000000089
	2.04	1
	2.048	1.291999999999916
	2.056	1.708000000000084
	2.064	1
	2.072	1
	2.08	1
	2.088	2.327999999999975
	2.096	2.672000000000025
	2.104	1
	2.112	1
	2.12	1.188000000000102
	2.128	1.811999999999898
	2.136	1
	2.144	1
	2.152	1
	2.16	1
	2.168	1
	2.176	1
	2.184	1
	2.192	1
	2.2	1
	2.208	1
	2.216	1
	2.224	1
	2.232	1
	2.24	1
