sum_T25_0p04_0		
	-13.744	2.292000000000002
	-13.736	5.308000000000017
	-13.728	5.25199999999998
	-13.72	3.508000000000003
	-13.712	0.3400000000000012
	-13.704	4.575999999999993
	-13.696	2.908000000000005
	-13.688	3.160000000000007
	-13.68	1.611999999999989
	-13.672	4.788000000000011
	-13.664	3.691999999999986
	-13.656	2.936000000000007
	-13.648	4.704000000000001
	-13.64	2.591999999999999
	-13.632	1.728000000000002
	-13.624	2.963999999999999
	-13.616	2.079999999999998
	-13.608	2.399999999999993
	-13.6	1.596000000000018
	-13.592	3.37599999999998
	-13.584	1.396000000000015
	-13.576	1.244
	-13.568	2.09199999999997
	-13.56	2.144000000000034
	-13.552	1.756
	-13.544	2.935999999999993
	-13.536	3.700000000000017
	-13.528	2.36399999999999
	-13.52	2.456000000000003
	-13.512	1.51199999999999
	-13.504	2.451999999999995
	-13.496	2.680000000000003
	-13.488	3.567999999999991
	-13.48	3.008000000000017
	-13.472	3.071999999999981
	-13.464	3.680000000000014
	-13.456	4.211999999999989
	-13.448	4.820000000000007
	-13.44	3.311999999999998
	-13.432	2.939999999999998
	-13.424	3.656000000000006
	-13.416	2.319999999999993
	-13.408	2.731999999999992
	-13.4	2.576000000000001
	-13.392	1.248000000000005
	-13.384	3.103999999999992
	-13.376	5.688000000000002
	-13.368	2.368000000000002
	-13.36	2.815999999999988
	-13.352	2.476000000000013
	-13.344	4.576000000000015
	-13.336	4.631999999999998
	-13.328	3.599999999999994
	-13.32	1.503999999999991
	-13.312	1.519999999999982
	-13.304	2.480000000000018
	-13.296	3.52000000000001
	-13.288	2.387999999999991
	-13.28	2.004000000000019
	-13.272	3.563999999999979
	-13.264	4.667999999999999
	-13.256	2.764000000000017
	-13.248	4.723999999999975
	-13.24	5.748000000000019
	-13.232	4.271999999999998
	-13.224	1.347999999999985
	-13.216	2.620000000000019
	-13.208	3.559999999999988
	-13.2	4.944000000000017
	-13.192	3.539999999999964
	-13.184	6.084000000000017
	-13.176	5.343999999999994
	-13.168	2.144000000000005
	-13.16	3.280000000000001
	-13.152	3.916000000000011
	-13.144	2.72799999999998
	-13.136	2.716000000000022
	-13.128	1.623999999999981
	-13.12	3.967999999999989
	-13.112	4.176000000000002
	-13.104	4.356000000000009
	-13.096	0.9200000000000017
	-13.088	2.999999999999986
	-13.08	3.684000000000026
	-13.072	4.327999999999989
	-13.064	2.552000000000007
	-13.056	5.407999999999959
	-13.048	3.092000000000013
	-13.04	3.976000000000028
	-13.032	1.49199999999999
	-13.024	2.492000000000019
	-13.016	3.983999999999995
	-13.008	3.756
	-13	3.34399999999998
	-12.992	3.068000000000012
	-12.984	2.628
	-12.976	3.751999999999995
	-12.968	1.975999999999999
	-12.96	1.788000000000011
	-12.952	2.463999999999999
	-12.944	4.475999999999999
	-12.936	7.840000000000003
	-12.928	7.304000000000016
	-12.92	4.583999999999989
	-12.912	0.3759999999999906
	-12.904	4.683999999999997
	-12.896	3.771999999999991
	-12.888	6.432000000000016
	-12.88	1.736000000000004
	-12.872	1.47999999999999
	-12.864	1.344000000000008
	-12.856	3.148000000000025
	-12.848	0.3679999999999666
	-12.84	4.616000000000014
	-12.832	4.39200000000001
	-12.824	3.687999999999974
	-12.816	3.960000000000008
	-12.808	3.703999999999979
	-12.8	4.900000000000034
	-12.792	4.091999999999985
	-12.784	9.992000000000019
	-12.776	5.292000000000002
	-12.768	3.115999999999985
	-12.76	0.896000000000015
	-12.752	2.575999999999993
	-12.744	5.47199999999998
	-12.736	3.468000000000018
	-12.728	2.603999999999985
	-12.72	1.219999999999999
	-12.712	1.444000000000017
	-12.704	1.5
	-12.696	1.804000000000002
	-12.688	3.199999999999989
	-12.68	6.592000000000013
	-12.672	3.883999999999986
	-12.664	3.840000000000032
	-12.656	5.475999999999999
	-12.648	2.711999999999961
	-12.64	4.000000000000028
	-12.632	4.716000000000008
	-12.624	1.623999999999967
	-12.616	3.492000000000019
	-12.608	3.372000000000014
	-12.6	2.691999999999979
	-12.592	3.923999999999978
	-12.584	3.672000000000025
	-12.576	1.355999999999995
	-12.568	1.699999999999989
	-12.56	1.908000000000015
	-12.552	2.840000000000003
	-12.544	1.015999999999991
	-12.536	0.960000000000008
	-12.528	0.07599999999999341
	-12.52	6.744000000000028
	-12.512	5.671999999999969
	-12.504	0.5720000000000027
	-12.496	2.135999999999996
	-12.488	3.012
	-12.48	1.099999999999994
	-12.472	6.024000000000029
	-12.464	5.615999999999985
	-12.456	4.099999999999994
	-12.448	4.207999999999998
	-12.44	4.152000000000015
	-12.432	1.367999999999995
	-12.424	3.95999999999998
	-12.416	2.780000000000001
	-12.408	3.384000000000015
	-12.4	3.063999999999993
	-12.392	4.27600000000001
	-12.384	3.632000000000005
	-12.376	2.615999999999985
	-12.368	1.02000000000001
	-12.36	5.488000000000028
	-12.352	6.123999999999967
	-12.344	3.364000000000004
	-12.336	3.152000000000015
	-12.328	1.756
	-12.32	2.936000000000007
	-12.312	4.107999999999976
	-12.304	5.567999999999955
	-12.296	4.884000000000043
	-12.288	3.644000000000005
	-12.28	2.367999999999995
	-12.272	4.080000000000013
	-12.264	1.291999999999973
	-12.256	5.500000000000028
	-12.248	4.155999999999977
	-12.24	2.336000000000013
	-12.232	4.251999999999981
	-12.224	6.464000000000027
	-12.216	4.343999999999994
	-12.208	2.97999999999999
	-12.2	4.348000000000042
	-12.192	7.911999999999978
	-12.184	6.004000000000019
	-12.176	4.651999999999987
	-12.168	3.775999999999982
	-12.16	4.180000000000007
	-12.152	1.307999999999993
	-12.144	1
	-12.136	4.467999999999989
	-12.128	3.77600000000001
	-12.12	4.331999999999994
	-12.112	3.731999999999999
	-12.104	3.975999999999999
	-12.096	2.340000000000003
	-12.088	4.352000000000004
	-12.08	2.795999999999992
	-12.072	3.864000000000004
	-12.064	4.328000000000003
	-12.056	2.995999999999981
	-12.048	2.720000000000027
	-12.04	2.995999999999981
	-12.032	6.764000000000038
	-12.024	1.867999999999967
	-12.016	2.427999999999997
	-12.008	1.376000000000005
	-12	2.619999999999976
	-11.992	4.088000000000022
	-11.984	3.836000000000013
	-11.976	1.607999999999976
	-11.968	6.468000000000018
	-11.96	3.5
	-11.952	1.963999999999999
	-11.944	4.047999999999973
	-11.936	5.204000000000036
	-11.928	2.103999999999985
	-11.92	1.463999999999999
	-11.912	2.216000000000008
	-11.904	2.919999999999987
	-11.896	5.04000000000002
	-11.888	3.876000000000033
	-11.88	3.371999999999986
	-11.872	7.100000000000023
	-11.864	2.743999999999943
	-11.856	2.212000000000018
	-11.848	5.852000000000004
	-11.84	2.763999999999982
	-11.832	5.168000000000063
	-11.824	4.519999999999925
	-11.816	2.948000000000008
	-11.808	7.012000000000057
	-11.8	5.667999999999978
	-11.792	3.879999999999967
	-11.784	4.456000000000046
	-11.776	2.663999999999987
	-11.768	6.080000000000013
	-11.76	3.723999999999961
	-11.752	0.7919999999999732
	-11.744	5.220000000000084
	-11.736	4.343999999999937
	-11.728	4.884000000000015
	-11.72	1.763999999999953
	-11.712	5.132000000000033
	-11.704	4.203999999999979
	-11.696	7.504000000000019
	-11.688	3.919999999999987
	-11.68	5.54000000000002
	-11.672	4.387999999999977
	-11.664	2.232000000000028
	-11.656	3.868000000000052
	-11.648	5.127999999999929
	-11.64	1.987999999999943
	-11.632	4.008000000000095
	-11.624	1.852000000000032
	-11.616	2.479999999999961
	-11.608	4.015999999999963
	-11.6	4.824000000000069
	-11.592	5.511999999999944
	-11.584	3.559999999999945
	-11.576	3.644000000000062
	-11.568	4.24799999999999
	-11.56	3.26400000000001
	-11.552	2.759999999999934
	-11.544	5.45999999999998
	-11.536	4.320000000000164
	-11.528	0.94399999999996
	-11.52	2
	-11.512	4.259999999999877
	-11.504	3.520000000000152
	-11.496	3.243999999999971
	-11.488	4.731999999999857
	-11.48	5.896000000000072
	-11.472	5.868000000000052
	-11.464	2.915999999999997
	-11.456	4.240000000000009
	-11.448	3.171999999999969
	-11.44	4.772000000000048
	-11.432	3.632000000000005
	-11.424	4.083999999999889
	-11.416	5.552000000000078
	-11.408	4.015999999999963
	-11.4	3.612000000000023
	-11.392	5.903999999999996
	-11.384	5.65199999999993
	-11.376	3.180000000000121
	-11.368	3.555999999999926
	-11.36	4.575999999999965
	-11.352	7.144000000000005
	-11.344	5.848000000000013
	-11.336	1.144000000000119
	-11.328	1.679999999999836
	-11.32	6.308000000000163
	-11.312	5.167999999999836
	-11.304	8.415999999999997
	-11.296	5.327999999999975
	-11.288	6.696000000000083
	-11.28	4.376000000000033
	-11.272	3.17999999999995
	-11.264	3.004000000000019
	-11.256	4.659999999999968
	-11.248	5.088000000000079
	-11.24	4.267999999999972
	-11.232	1.828000000000088
	-11.224	3.419999999999902
	-11.216	5.664000000000044
	-11.208	5.231999999999914
	-11.2	2.660000000000139
	-11.192	8.171999999999741
	-11.184	5.380000000000109
	-11.176	3.93199999999996
	-11.168	4.272000000000162
	-11.16	1.507999999999981
	-11.152	4.435999999999979
	-11.144	3.543999999999983
	-11.136	5.819999999999879
	-11.128	4.61200000000008
	-11.12	2.947999999999979
	-11.112	2.880000000000109
	-11.104	2.623999999999853
	-11.096	5.408000000000129
	-11.088	3.627999999999986
	-11.08	3.731999999999914
	-11.072	5.11200000000008
	-11.064	3.236000000000047
	-11.056	3.67999999999995
	-11.048	6.103999999999928
	-11.04	5.04400000000004
	-11.032	4.483999999999924
	-11.024	4.104000000000042
	-11.016	5.576000000000079
	-11.008	4.375999999999976
	-11	1.756000000000029
	-10.992	4.060000000000002
	-10.984	6.451999999999884
	-10.976	7.668000000000006
	-10.968	8.523999999999944
	-10.96	7.520000000000095
	-10.952	4.608000000000061
	-10.944	2.504000000000019
	-10.936	3.33199999999988
	-10.928	6.396000000000072
	-10.92	3.036000000000058
	-10.912	4.967999999999961
	-10.904	1.344000000000051
	-10.896	3.024000000000001
	-10.888	8.187999999999818
	-10.88	4.256000000000029
	-10.872	6.296000000000163
	-10.864	4.13999999999993
	-10.856	3.231999999999857
	-10.848	4.504000000000133
	-10.84	6.891999999999825
	-10.832	6.628000000000156
	-10.824	10.70399999999989
	-10.816	4.220000000000084
	-10.808	4.080000000000098
	-10.8	4.027999999999963
	-10.792	7.66399999999993
	-10.784	4.400000000000091
	-10.776	6.30399999999986
	-10.768	5.980000000000075
	-10.76	3.184000000000083
	-10.752	2.407999999999959
	-10.744	6.155999999999949
	-10.736	4.152000000000044
	-10.728	5.387999999999863
	-10.72	5.016000000000133
	-10.712	5.227999999999895
	-10.704	8.632000000000119
	-10.696	5.507999999999981
	-10.688	7.39999999999992
	-10.68	5.312000000000126
	-10.672	2.307999999999936
	-10.664	3.180000000000064
	-10.656	4.051999999999964
	-10.648	5.45599999999996
	-10.64	6.87599999999992
	-10.632	5.632000000000119
	-10.624	4.480000000000018
	-10.616	5.911999999999864
	-10.608	4.340000000000146
	-10.6	1.120000000000005
	-10.592	7.355999999999995
	-10.584	4.291999999999973
	-10.576	4.351999999999975
	-10.568	5.688000000000045
	-10.56	4.140000000000043
	-10.552	5.675999999999931
	-10.544	4.887999999999977
	-10.536	5.012000000000057
	-10.528	5.463999999999828
	-10.52	8.33600000000007
	-10.512	5.77600000000001
	-10.504	4.219999999999914
	-10.496	11.26400000000007
	-10.488	8.992000000000019
	-10.48	2.951999999999998
	-10.472	5.196000000000083
	-10.464	4.259999999999991
	-10.456	9.779999999999916
	-10.448	6.196000000000083
	-10.44	6.855999999999824
	-10.432	3.236000000000217
	-10.424	7.243999999999744
	-10.416	7.336000000000183
	-10.408	7.840000000000032
	-10.4	4.531999999999982
	-10.392	3.879999999999939
	-10.384	5.712000000000046
	-10.376	5.356000000000051
	-10.368	0.6920000000000641
	-10.36	4.243999999999915
	-10.352	2.663999999999987
	-10.344	6.387999999999863
	-10.336	8.000000000000114
	-10.328	1.692000000000064
	-10.32	4.815999999999917
	-10.312	6.187999999999988
	-10.304	6.547999999999888
	-10.296	7.512000000000171
	-10.288	9.559999999999718
	-10.28	8.756000000000256
	-10.272	8.367999999999938
	-10.264	3.436000000000149
	-10.256	1.716000000000008
	-10.248	2.531999999999869
	-10.24	9.303999999999917
	-10.232	7.084000000000117
	-10.224	6.632000000000062
	-10.216	5.891999999999939
	-10.208	4.791999999999916
	-10.2	4.568000000000154
	-10.192	5.315999999999974
	-10.184	4.560000000000002
	-10.176	5.60799999999989
	-10.168	3.408000000000129
	-10.16	4.883999999999901
	-10.152	3.499999999999943
	-10.144	4.064000000000078
	-10.136	8.728000000000009
	-10.128	7.376000000000033
	-10.12	4.643999999999949
	-10.112	8.091999999999757
	-10.104	8.688000000000272
	-10.096	5.147999999999968
	-10.088	4.824000000000012
	-10.08	5.875999999999863
	-10.072	8.756000000000085
	-10.064	10.60000000000002
	-10.056	8.27600000000001
	-10.048	7.592000000000041
	-10.04	6.587999999999965
	-10.032	5.880000000000052
	-10.024	8.703999999999951
	-10.016	6.287999999999897
	-10.008	10.95999999999998
	-10	8.828000000000088
	-9.992	3.756000000000142
	-9.984	8.351999999999691
	-9.976	10.50400000000025
	-9.968	7.19599999999997
	-9.96	7.615999999999929
	-9.952	8.248000000000104
	-9.944	7.379999999999995
	-9.936	8.075999999999965
	-9.928	7.783999999999935
	-9.92	7.772000000000048
	-9.912	7.888000000000034
	-9.904	7.639999999999986
	-9.896	6.328000000000145
	-9.888	9.431999999999732
	-9.88	8.367999999999938
	-9.872	10.88400000000019
	-9.864	6.988
	-9.856	7.303999999999917
	-9.848	9.567999999999984
	-9.84	7.839999999999918
	-9.832	11.65199999999993
	-9.824	12.89200000000028
	-9.816	6.099999999999909
	-9.808	7.408000000000015
	-9.8	7.764000000000181
	-9.792	8.163999999999987
	-9.784	7.247999999999877
	-9.776	8.152000000000044
	-9.768	7.999999999999943
	-9.76	8.180000000000007
	-9.752	6.012000000000057
	-9.744	9.57999999999987
	-9.736	7.168000000000177
	-9.728	11.71199999999976
	-9.72	5.080000000000211
	-9.712	5.663999999999987
	-9.704	9.031999999999869
	-9.696	12.37200000000001
	-9.688	11.95599999999996
	-9.68	12.71200000000005
	-9.672	10.87999999999994
	-9.664	10.46000000000004
	-9.656	9.988000000000113
	-9.648	6.435999999999922
	-9.64	6.152000000000157
	-9.632	4.03999999999985
	-9.624	7.32000000000005
	-9.616	7.952000000000226
	-9.608	12.49599999999998
	-9.6	6.679999999999723
	-9.592	8.216000000000463
	-9.584	10.77600000000007
	-9.576	9.519999999999641
	-9.568	7.603999999999814
	-9.56	6.132000000000403
	-9.552	11.82399999999996
	-9.544	9.723999999999933
	-9.536	9.848000000000184
	-9.528	10.70399999999961
	-9.52	11.25600000000043
	-9.512	12.6999999999997
	-9.504	6.936000000000035
	-9.496	13.3040000000002
	-9.488	10.13999999999965
	-9.48	6.132000000000062
	-9.472	4.643999999999892
	-9.464	8.392000000000507
	-9.456	14.75999999999988
	-9.448	13.22400000000016
	-9.44	9.82799999999952
	-9.432	7.924000000000206
	-9.424	8.175999999999817
	-9.416	7.336000000000013
	-9.408	10.952
	-9.4	13.44800000000021
	-9.392	13.7439999999998
	-9.384	10.28800000000024
	-9.376	7.999999999999773
	-9.368	8.048000000000002
	-9.36	10.54799999999989
	-9.352	11.92800000000022
	-9.344	8.44399999999996
	-9.336	7.443999999999846
	-9.328	11.01600000000064
	-9.32	20.44799999999952
	-9.312	9.53999999999985
	-9.304	9.032000000000153
	-9.296	8.851999999999862
	-9.288	8.744000000000028
	-9.28	6.411999999999921
	-9.272	8.500000000000227
	-9.264	14.33200000000033
	-9.256	11.23199999999963
	-9.248	10.928
	-9.24	11.75999999999999
	-9.232	9.840000000000032
	-9.224	10.59599999999978
	-9.216	12.72400000000027
	-9.208	9.236000000000217
	-9.2	13.15599999999995
	-9.192	14.38799999999981
	-9.184	15.43200000000024
	-9.176	19.83600000000024
	-9.168	14.00399999999956
	-9.16	10.63199999999983
	-9.152	13.40400000000011
	-9.144	10.00399999999991
	-9.136	15.72400000000005
	-9.128	15.30400000000043
	-9.12	10.87199999999996
	-9.112	16.09999999999968
	-9.104	13.9559999999999
	-9.096	14.82800000000054
	-9.088	10.74799999999925
	-9.08	9.072000000000571
	-9.072	11.19199999999978
	-9.064	13.60800000000006
	-9.056	15.24400000000014
	-9.048	11.08399999999938
	-9.04	9.560000000000286
	-9.032	11.58800000000019
	-9.024	18.09600000000023
	-9.016	15.19199999999978
	-9.008	15.34799999999973
	-9	10.09200000000021
	-8.992	12.70400000000018
	-8.984	14.46799999999985
	-8.976	11.30799999999988
	-8.968	12.8480000000003
	-8.96	16.84399999999971
	-8.952	16.7320000000002
	-8.944	17.54399999999987
	-8.936	18.13200000000052
	-8.928	13.90799999999933
	-8.92	15.4440000000003
	-8.912	9.991999999999734
	-8.904	13.70000000000039
	-8.896	15.30799999999965
	-8.888	13.71200000000022
	-8.88	11.84799999999984
	-8.872	17.89200000000017
	-8.864	14.74800000000005
	-8.856	19.3040000000002
	-8.848	17.85999999999967
	-8.84	13.48800000000017
	-8.832	13.08399999999961
	-8.824	18.0360000000004
	-8.816	14.09999999999991
	-8.808	18.07600000000036
	-8.8	17.65199999999948
	-8.792	13.70000000000027
	-8.784	19.69200000000012
	-8.776	19.01199999999949
	-8.768	16.10000000000048
	-8.76	20.78800000000024
	-8.752	15.62799999999936
	-8.744	11.08399999999995
	-8.736	25.10000000000059
	-8.728	21.2439999999998
	-8.72	16.88399999999979
	-8.712	28.59200000000021
	-8.704	23.31599999999992
	-8.696	19.43999999999994
	-8.688	18.2879999999999
	-8.68	16.58800000000031
	-8.672	15.3599999999999
	-8.664	21.74399999999991
	-8.656	22.77999999999997
	-8.648	17.33600000000013
	-8.64	23.55999999999983
	-8.632	17.81600000000014
	-8.624	20.8359999999999
	-8.616	13.7600000000001
	-8.608	14.77599999999995
	-8.6	16.32800000000009
	-8.592	15.0359999999996
	-8.584	20.50800000000061
	-8.576	21.18799999999987
	-8.568	21.60800000000006
	-8.56	22.39599999999996
	-8.552	18.24399999999991
	-8.544	19.57999999999981
	-8.536	21.88800000000015
	-8.528	27.93600000000004
	-8.52	22.70000000000016
	-8.512	18.63199999999961
	-8.504	17.33600000000001
	-8.496	18.23200000000043
	-8.488	24.30399999999963
	-8.48	16.33600000000013
	-8.472	25.50400000000036
	-8.464	26.07999999999959
	-8.456	19.08400000000006
	-8.448	15.98800000000006
	-8.44	26.13599999999997
	-8.432	25.57599999999979
	-8.424	20.84000000000015
	-8.416	24.26000000000022
	-8.408	27.80799999999999
	-8.4	27.71199999999999
	-8.392	20.39599999999973
	-8.384	19.62800000000038
	-8.376	25.24000000000001
	-8.368	39.60000000000036
	-8.36	26.76799999999923
	-8.352	23.87600000000032
	-8.344	23.46000000000038
	-8.336	28.66799999999944
	-8.328	23.96799999999996
	-8.32	20.72400000000016
	-8.312	27.18000000000018
	-8.304	30.5079999999997
	-8.296	25.60800000000017
	-8.288	25.27199999999982
	-8.28	24.64799999999991
	-8.272	21.83200000000056
	-8.264	25.43600000000004
	-8.256	20.14799999999957
	-8.248	25.61599999999999
	-8.24	31.57200000000012
	-8.232	21.31599999999992
	-8.224	22.63200000000029
	-8.216	35.47600000000045
	-8.208	30.09599999999909
	-8.2	29.56400000000031
	-8.192	25.96399999999994
	-8.184	23.8480000000003
	-8.176	20.62799999999936
	-8.168	22.1640000000001
	-8.16	25.40000000000043
	-8.152	27.17599999999993
	-8.144	27.17999999999984
	-8.136	37.7560000000002
	-8.128	34.9880000000004
	-8.12	38.57199999999978
	-8.112	32.33199999999965
	-8.104	30.26400000000012
	-8.096	38.48800000000028
	-8.088	34.59599999999955
	-8.08	30.37199999999996
	-8.072	29.28000000000043
	-8.064	31.20799999999997
	-8.056	36.75599999999986
	-8.048	26.0079999999997
	-8.04	32.72400000000027
	-8.032	22.25599999999974
	-8.024	29.50800000000049
	-8.016	27.50399999999968
	-8.008	30.25999999999976
	-8	27.55600000000049
	-7.992	38.77599999999995
	-7.984	31.1320000000004
	-7.976	38.88000000000011
	-7.968	25.85199999999929
	-7.96	34.40400000000034
	-7.952	37.99199999999973
	-7.944	27.64399999999989
	-7.936	36.2000000000005
	-7.928	46.98400000000015
	-7.92	32.42799999999943
	-7.912	42.33600000000013
	-7.904	31.64399999999966
	-7.896	27.22799999999995
	-7.888	36.95600000000093
	-7.88	39.52399999999955
	-7.872	44.47600000000068
	-7.864	38.52399999999932
	-7.856	32.16399999999976
	-7.848	38.84400000000073
	-7.84	41.70799999999974
	-7.832	40.29600000000028
	-7.824	35.13199999999949
	-7.816	40.9360000000006
	-7.808	43.71199999999976
	-7.8	45.27599999999961
	-7.792	39.33600000000058
	-7.784	42.38799999999912
	-7.776	31.68800000000033
	-7.768	33.53999999999985
	-7.76	36.90800000000013
	-7.752	36.36400000000003
	-7.744	36.67200000000003
	-7.736	28.66399999999976
	-7.728	41.37600000000054
	-7.72	31.87199999999962
	-7.712	43.46000000000038
	-7.704	39.21999999999991
	-7.696	38.96799999999996
	-7.688	43.3040000000002
	-7.68	51.28800000000012
	-7.672	39.20399999999938
	-7.664	42.5600000000004
	-7.656	51.78399999999999
	-7.648	47.65200000000027
	-7.64	46.20399999999972
	-7.632	38.13999999999999
	-7.624	48.16400000000033
	-7.616	52.8000000000003
	-7.608	54.41999999999985
	-7.6	42.63199999999949
	-7.592	36.61200000000008
	-7.584	41.13600000000008
	-7.576	51.78800000000012
	-7.568	33.71999999999969
	-7.56	47.62800000000072
	-7.552	46.37999999999931
	-7.544	42.3400000000006
	-7.536	51.61999999999932
	-7.528	47.89200000000005
	-7.52	45.34400000000005
	-7.512	44.11600000000021
	-7.504	50.77600000000029
	-7.496	49.35599999999931
	-7.488	49.08400000000029
	-7.48	49.75600000000054
	-7.472	51.07999999999959
	-7.464	60.42800000000091
	-7.456	61.89199999999892
	-7.448	60.12800000000072
	-7.44	48.28399999999931
	-7.432	53.52800000000025
	-7.424	59.50400000000013
	-7.416	56.45599999999979
	-7.408	53.21200000000044
	-7.4	60.98800000000017
	-7.392	63.88799999999947
	-7.384	58.78400000000056
	-7.376	62.53199999999958
	-7.368	57.22800000000029
	-7.36	66.62399999999991
	-7.352	60.65199999999959
	-7.344	63.30800000000033
	-7.336	61.76799999999969
	-7.328	62.60800000000052
	-7.32	53.75599999999952
	-7.312	66.96000000000026
	-7.304	60.6159999999993
	-7.296	56.48400000000072
	-7.288	58.39599999999928
	-7.28	54.03200000000072
	-7.272	70.02400000000023
	-7.264	57.40799999999933
	-7.256	64.86800000000073
	-7.248	54.71199999999942
	-7.24	60.64400000000035
	-7.232	78.86400000000106
	-7.224	78.05999999999949
	-7.216	74.428
	-7.208	73.91999999999962
	-7.2	71.67199999999991
	-7.192	64
	-7.184	69.76400000000035
	-7.176	70.07199999999966
	-7.168	61.06399999999962
	-7.16	66.27600000000132
	-7.152	75.58799999999906
	-7.144	84.56800000000021
	-7.136	82.78000000000009
	-7.128	69.10000000000014
	-7.12	70.45599999999922
	-7.112	67.77599999999984
	-7.104	69.16000000000167
	-7.096	74.43999999999903
	-7.088	79.56400000000065
	-7.08	82.05199999999968
	-7.072	69.45599999999979
	-7.064	72.86799999999994
	-7.056	89.00400000000047
	-7.048	70.27199999999903
	-7.04	75.80000000000041
	-7.032	95.61200000000099
	-7.024	71.10799999999915
	-7.016	94.70800000000008
	-7.008	70.81600000000014
	-7	84.46799999999939
	-6.992	84.90800000000058
	-6.984	70.46799999999928
	-6.976	75.88000000000056
	-6.968	81.67200000000014
	-6.96	85.86400000000015
	-6.952	84.10400000000027
	-6.944	96.85199999999884
	-6.936	93.95600000000093
	-6.928	93.54000000000008
	-6.92	70.25199999999961
	-6.912	85.22799999999984
	-6.904	80.01200000000074
	-6.896	87.93200000000058
	-6.888	91.19999999999914
	-6.88	66.00399999999934
	-6.872	89.20800000000054
	-6.864	81.19200000000035
	-6.856	85.33200000000022
	-6.848	88.7079999999994
	-6.84	69.17199999999934
	-6.832	86.31200000000115
	-6.824	93.96399999999994
	-6.816	88.67599999999982
	-6.808	85.46799999999917
	-6.8	88.6480000000015
	-6.792	86.27199999999891
	-6.784	69.69600000000014
	-6.776	84.7120000000001
	-6.768	84.56000000000017
	-6.76	81.01599999999974
	-6.752	77.2759999999995
	-6.744	74.83600000000069
	-6.736	87.21199999999953
	-6.728	82.48800000000051
	-6.72	92.10000000000082
	-6.712	85.23199999999952
	-6.704	71.92399999999907
	-6.696	80.28400000000033
	-6.688	88.76399999999978
	-6.68	78.73600000000056
	-6.672	86.30399999999986
	-6.664	98.80800000000067
	-6.656	78.99999999999829
	-6.648	73.58400000000097
	-6.64	86.33200000000056
	-6.632	86.95199999999943
	-6.624	85.37200000000018
	-6.616	85.35199999999963
	-6.608	74.28000000000065
	-6.6	82.42399999999952
	-6.592	88.28800000000047
	-6.584	90.8599999999991
	-6.576	71.32799999999929
	-6.568	71.92800000000136
	-6.56	84.33999999999992
	-6.552	90.27200000000084
	-6.544	87.78399999999942
	-6.536	80.27600000000007
	-6.528	94.69200000000001
	-6.52	85.07999999999925
	-6.512	77.71600000000024
	-6.504	71.23200000000008
	-6.496	77.73600000000022
	-6.488	79.32799999999975
	-6.48	81.75599999999986
	-6.472	82.46400000000074
	-6.464	80.22399999999902
	-6.456	79.9920000000003
	-6.448	80.21599999999978
	-6.44	80.80400000000054
	-6.432	92.14400000000057
	-6.424	92.26799999999878
	-6.416	81.60400000000004
	-6.408	85.30400000000031
	-6.4	87.41599999999983
	-6.392	83.26800000000037
	-6.384	83.60799999999961
	-6.376	70.06800000000021
	-6.368	73.1840000000002
	-6.36	87.89999999999952
	-6.352	72.66399999999965
	-6.344	73.88400000000013
	-6.336	86.29600000000062
	-6.328	82.03199999999936
	-6.32	81.51600000000076
	-6.312	85.45999999999981
	-6.304	80.71600000000024
	-6.296	99.48000000000059
	-6.288	75.74399999999866
	-6.28	80.34400000000096
	-6.272	89.6519999999997
	-6.264	81.41999999999928
	-6.256	73.7600000000001
	-6.248	72.5920000000001
	-6.24	69.80400000000031
	-6.232	98.47600000000159
	-6.224	98.23599999999874
	-6.216	82.65199999999925
	-6.208	80.38400000000047
	-6.2	98.16800000000103
	-6.192	89.41999999999803
	-6.184	84.68400000000156
	-6.176	86.33199999999954
	-6.168	76.33999999999924
	-6.16	84.79200000000003
	-6.152	87.40800000000058
	-6.144	87.73600000000067
	-6.136	104.6879999999996
	-6.128	99.17200000000003
	-6.12	78.88799999999901
	-6.112	73.12799999999993
	-6.104	76.58000000000015
	-6.096	83.37600000000043
	-6.088	87.5600000000004
	-6.08	91.09999999999968
	-6.072	85.82799999999963
	-6.064	89.12000000000103
	-6.056	94.85600000000022
	-6.048	93.12399999999946
	-6.04	82.29599999999971
	-6.032	82.51999999999987
	-6.024	88.10799999999995
	-6.016	97.06400000000053
	-6.008	92.63199999999961
	-6	79.24399999999969
	-5.992	81.93200000000081
	-5.984	84.30799999999931
	-5.976	94.50400000000093
	-5.968	96.0359999999996
	-5.96	81.61599999999999
	-5.952	91.75999999999999
	-5.944	94.70799999999986
	-5.936	99.33199999999988
	-5.928	87.53199999999981
	-5.92	84.43999999999937
	-5.912	72.63200000000063
	-5.904	88.64400000000069
	-5.896	88.39199999999971
	-5.888	94.73200000000054
	-5.88	83.66799999999921
	-5.872	67.08800000000031
	-5.864	84.13200000000086
	-5.856	87.43599999999867
	-5.848	91.20400000000143
	-5.84	88.73199999999895
	-5.832	90.89600000000087
	-5.824	99.23999999999944
	-5.816	90.17200000000025
	-5.808	81.50799999999992
	-5.8	76.81999999999982
	-5.792	83.98399999999992
	-5.784	87.99200000000167
	-5.776	91.38799999999912
	-5.768	92.4119999999989
	-5.76	82.54000000000042
	-5.752	94.83600000000081
	-5.744	84.15199999999959
	-5.736	92.78000000000054
	-5.728	106.8199999999998
	-5.72	95.96400000000017
	-5.712	104.1600000000003
	-5.704	104.9239999999996
	-5.696	78.55199999999979
	-5.688	71.77599999999916
	-5.68	62.01999999999953
	-5.672	93.68800000000078
	-5.664	88.36000000000149
	-5.656	91.72399999999891
	-5.648	93.4920000000003
	-5.64	90.40399999999931
	-5.632	89.85599999999999
	-5.624	83.0280000000007
	-5.616	92.71199999999988
	-5.608	82.96799999999996
	-5.6	95.00399999999945
	-5.592	86.79600000000096
	-5.584	95.74799999999971
	-5.576	82.72799999999938
	-5.568	78.39599999999973
	-5.56	83.39600000000053
	-5.552	90.58000000000072
	-5.544	78.5359999999996
	-5.536	86.82799999999975
	-5.528	82.96399999999994
	-5.52	71.67599999999993
	-5.512	86.0560000000014
	-5.504	93.60799999999858
	-5.496	97.93200000000161
	-5.488	87.13199999999733
	-5.48	84.90000000000146
	-5.472	84.11200000000008
	-5.464	82.46399999999994
	-5.456	86.0559999999989
	-5.448	72.87200000000053
	-5.44	81.81600000000003
	-5.432	77.31199999999944
	-5.424	77.28400000000101
	-5.416	81.1200000000008
	-5.408	89.37599999999861
	-5.4	78.48399999999924
	-5.392	80.44400000000155
	-5.384	99.33600000000069
	-5.376	88.62799999999925
	-5.368	63.23199999999815
	-5.36	68.10800000000154
	-5.352	83.68800000000192
	-5.344	107.399999999998
	-5.336	93.38799999999947
	-5.328	81.27600000000029
	-5.32	77.58400000000029
	-5.312	78.96399999999949
	-5.304	88.80400000000122
	-5.296	71.3199999999988
	-5.288	76.09599999999978
	-5.28	79.3720000000003
	-5.272	74.75999999999976
	-5.264	65.47199999999953
	-5.256	89.08800000000133
	-5.248	89.22400000000039
	-5.24	77.33599999999865
	-5.232	68.10400000000004
	-5.224	70.67200000000093
	-5.216	81.47599999999943
	-5.208	82.3400000000006
	-5.2	90.8959999999995
	-5.192	79.62800000000107
	-5.184	82.47999999999865
	-5.176	91.85600000000113
	-5.168	80.29599999999937
	-5.16	73.63199999999961
	-5.152	81.56800000000044
	-5.144	70.11599999999999
	-5.136	70.31199999999944
	-5.128	81.76400000000081
	-5.12	85.57200000000034
	-5.112	87.14799999999923
	-5.104	75.54399999999896
	-5.096	83.81600000000208
	-5.088	88.09999999999854
	-5.08	84.23600000000056
	-5.072	84.08399999999961
	-5.064	76.35600000000022
	-5.056	76.38799999999901
	-5.048	77.93200000000047
	-5.04	78.22800000000052
	-5.032	87.90399999999886
	-5.024	66.02800000000138
	-5.016	80.07599999999911
	-5.008	88.49999999999977
	-5	81.72400000000175
	-4.992	96.8720000000003
	-4.984	89.46399999999812
	-4.976	82.03600000000097
	-4.968	97.72400000000016
	-4.96	75.67999999999893
	-4.952	76.78800000000092
	-4.944	88.60400000000027
	-4.936	83.17199999999912
	-4.928	78.38800000000037
	-4.92	72.69199999999955
	-4.912	65.47599999999852
	-4.904	88.35200000000168
	-4.896	83.33999999999992
	-4.888	76.78800000000092
	-4.88	84.39199999999801
	-4.872	82.0880000000011
	-4.864	80.82000000000016
	-4.856	81.71600000000149
	-4.848	85.28399999999897
	-4.84	79.23599999999942
	-4.832	74.71599999999921
	-4.824	73.90400000000091
	-4.816	69.5120000000004
	-4.808	71.30399999999918
	-4.8	78.80400000000145
	-4.792	67.43199999999888
	-4.784	72.5639999999994
	-4.776	67.45200000000023
	-4.768	71.31200000000081
	-4.76	79.22000000000025
	-4.752	85.8400000000006
	-4.744	76.4999999999975
	-4.736	52.43600000000015
	-4.728	66.06800000000089
	-4.72	79.09199999999942
	-4.712	64.26800000000117
	-4.704	73.16399999999908
	-4.696	62.22400000000016
	-4.688	73.94000000000051
	-4.68	77.93600000000129
	-4.672	80.26799999999844
	-4.664	75.57599999999934
	-4.656	91.21600000000103
	-4.648	80.71599999999899
	-4.64	75.5840000000012
	-4.632	76.09999999999991
	-4.624	69.10799999999904
	-4.616	76.24400000000082
	-4.608	81.64400000000023
	-4.6	88.30799999999999
	-4.592	84.27199999999903
	-4.584	62.71600000000012
	-4.576	66.73200000000111
	-4.568	78.41999999999962
	-4.56	82.33200000000056
	-4.552	83.56399999999849
	-4.544	75.64000000000055
	-4.536	88.10400000000072
	-4.528	67.33999999999969
	-4.52	78.01999999999998
	-4.512	69.84400000000005
	-4.504	77.21999999999889
	-4.496	68.28000000000043
	-4.488	76.26800000000003
	-4.48	71.82800000000066
	-4.472	77.13999999999987
	-4.464	76.68399999999883
	-4.456	87.80400000000304
	-4.448	93.0959999999975
	-4.44	66.73599999999988
	-4.432	81.83600000000138
	-4.424	84.69599999999855
	-4.416	79.36400000000094
	-4.408	76.82799999999929
	-4.4	66.33999999999992
	-4.392	66.3840000000007
	-4.384	83.51599999999939
	-4.376	60.03600000000006
	-4.368	58.00799999999958
	-4.36	51.90399999999931
	-4.352	63.88000000000102
	-4.344	66.7639999999999
	-4.336	67.92000000000053
	-4.328	78.22799999999938
	-4.32	69.65599999999927
	-4.312	67.94000000000051
	-4.304	65.32399999999984
	-4.296	57.58799999999951
	-4.288	64.2840000000017
	-4.28	81.31200000000035
	-4.272	81.81199999999899
	-4.264	63.75999999999999
	-4.256	78.41600000000062
	-4.248	71.57200000000057
	-4.24	69.34799999999882
	-4.232	62.79599999999982
	-4.224	71.19599999999969
	-4.216	57.23600000000056
	-4.208	60.62799999999947
	-4.2	60.34800000000041
	-4.192	71.0720000000008
	-4.184	62.6039999999989
	-4.176	65.17200000000116
	-4.168	69.9599999999989
	-4.16	75.23600000000079
	-4.152	68.51199999999926
	-4.144	66.7320000000002
	-4.136	69.49200000000019
	-4.128	66.36400000000003
	-4.12	78.56799999999976
	-4.112	69.0600000000004
	-4.104	76.34799999999927
	-4.096	69.78800000000069
	-4.088	63.6159999999993
	-4.08	57.23200000000043
	-4.072	70.82800000000134
	-4.064	76.56399999999849
	-4.056	54.31199999999944
	-4.048	58.56400000000031
	-4.04	62.69600000000059
	-4.032	72.23199999999929
	-4.024	69.42400000000202
	-4.016	67.46799999999803
	-4.008	54.67599999999993
	-4	59.34400000000028
	-3.992	65.91600000000039
	-3.984	62.18799999999987
	-3.976	59.39599999999928
	-3.968	61.59200000000033
	-3.96	65.49599999999987
	-3.952	62.47600000000057
	-3.944	64.17199999999934
	-3.936	58.38000000000079
	-3.928	74.26800000000003
	-3.92	68.49200000000019
	-3.912	57.55599999999981
	-3.904	61.48800000000074
	-3.896	76.1119999999994
	-3.888	61.92399999999975
	-3.88	62.31999999999994
	-3.872	54.66399999999908
	-3.864	55.65200000000073
	-3.856	59.51999999999998
	-3.848	60.02399999999898
	-3.84	70.87600000000089
	-3.832	50.09199999999987
	-3.824	66.53200000000038
	-3.816	67.95200000000045
	-3.808	70.76399999999944
	-3.8	63.79199999999969
	-3.792	56.42000000000007
	-3.784	56.89599999999996
	-3.776	59.47200000000021
	-3.768	62.61200000000031
	-3.76	69.0679999999993
	-3.752	70.47600000000125
	-3.744	59.74799999999891
	-3.736	68.48000000000093
	-3.728	57.92399999999839
	-3.72	60.58000000000061
	-3.712	66.45200000000045
	-3.704	58.11599999999999
	-3.696	51.56399999999985
	-3.688	55.42400000000021
	-3.68	59.71199999999953
	-3.672	53.0440000000001
	-3.664	69.96400000000062
	-3.656	58.43999999999937
	-3.648	63.48799999999983
	-3.64	58.42000000000007
	-3.632	59.41999999999916
	-3.624	58.45600000000036
	-3.616	53.55200000000059
	-3.608	59.34400000000005
	-3.6	59.67200000000048
	-3.592	57.1799999999987
	-3.584	57.60400000000072
	-3.576	62.85200000000077
	-3.568	59.51999999999816
	-3.56	59.73200000000088
	-3.552	48.88799999999992
	-3.544	51.49199999999996
	-3.536	59.1640000000009
	-3.528	50.16799999999876
	-3.52	51.03600000000051
	-3.512	47.53999999999905
	-3.504	46.5760000000007
	-3.496	52.47600000000079
	-3.488	48.00799999999936
	-3.48	55.03200000000061
	-3.472	52.74799999999982
	-3.464	50.61200000000031
	-3.456	54.90799999999876
	-3.448	46.39200000000096
	-3.44	56.34399999999937
	-3.432	49.58400000000051
	-3.424	52.8359999999991
	-3.416	52.44400000000064
	-3.408	50.13199999999961
	-3.4	45.93200000000024
	-3.392	42.86800000000017
	-3.384	48.92800000000011
	-3.376	57.10400000000004
	-3.368	53.71999999999912
	-3.36	52.67200000000003
	-3.352	49.3200000000013
	-3.344	59.44399999999882
	-3.336	45.60000000000082
	-3.328	54.61199999999894
	-3.32	48.86800000000062
	-3.312	54.54000000000019
	-3.304	47.00799999999981
	-3.296	68.04399999999987
	-3.288	55.7360000000001
	-3.28	57.76400000000126
	-3.272	68.37999999999988
	-3.264	47.65999999999826
	-3.256	55.78800000000115
	-3.248	54.46000000000004
	-3.24	49.22800000000007
	-3.232	47.91599999999994
	-3.224	54.7399999999991
	-3.216	52.07199999999989
	-3.208	47.11199999999985
	-3.2	46.25200000000063
	-3.192	48.13999999999919
	-3.184	43.61600000000067
	-3.176	58.21200000000044
	-3.168	50.89199999999983
	-3.16	48.3159999999998
	-3.152	50.91599999999971
	-3.144	47.76400000000103
	-3.136	57.23199999999952
	-3.128	54.40399999999977
	-3.12	54.28399999999965
	-3.112	52.46399999999994
	-3.104	50.96800000000144
	-3.096	58.39200000000005
	-3.088	52.97199999999839
	-3.08	45.77999999999997
	-3.072	46.54400000000123
	-3.064	56.10000000000014
	-3.056	57.90399999999863
	-3.048	57.7880000000016
	-3.04	53.75199999999859
	-3.032	51.41600000000039
	-3.024	54.08800000000042
	-3.016	42.66399999999908
	-3.008	64.11200000000076
	-3	59.00800000000049
	-2.992	59.21999999999912
	-2.984	62.52400000000125
	-2.976	63.32799999999929
	-2.968	61.91199999999981
	-2.96	66.53999999999974
	-2.952	47.33599999999979
	-2.944	59.23200000000111
	-2.936	58.17599999999857
	-2.928	65.70800000000145
	-2.92	57.20400000000018
	-2.912	68.60400000000004
	-2.904	55.57199999999921
	-2.896	55.07200000000012
	-2.888	58.63600000000088
	-2.88	64.80399999999941
	-2.872	67.69599999999991
	-2.864	58.66399999999976
	-2.856	57.57199999999966
	-2.848	49.5639999999994
	-2.84	64.07600000000184
	-2.832	75.79199999999969
	-2.824	68.71200000000022
	-2.816	58.79199999999969
	-2.808	64.78000000000088
	-2.8	69.71599999999876
	-2.792	64.88799999999969
	-2.784	63.03200000000061
	-2.776	71.10000000000059
	-2.768	77.06799999999862
	-2.76	74.04000000000178
	-2.752	77.6279999999997
	-2.744	72.42399999999907
	-2.736	73.54000000000065
	-2.728	77.72799999999938
	-2.72	63.44800000000077
	-2.712	82.52800000000047
	-2.704	87.49599999999964
	-2.696	79.70000000000027
	-2.688	94.96399999999971
	-2.68	80.66399999999976
	-2.672	81.86800000000153
	-2.664	96.71200000000044
	-2.656	83.28399999999874
	-2.648	80.26399999999967
	-2.64	91.20000000000027
	-2.632	112.8720000000012
	-2.624	121.0000000000002
	-2.616	130.0919999999992
	-2.608	115.7520000000011
	-2.6	121.204
	-2.592	136.5839999999998
	-2.584	124.1080000000009
	-2.576	150.7279999999994
	-2.568	127.808
	-2.56	143.7160000000015
	-2.552	136.6239999999996
	-2.544	149.5440000000003
	-2.536	178.7880000000021
	-2.528	165.5239999999983
	-2.52	180.7560000000008
	-2.512	194.6240000000005
	-2.504	201.3039999999987
	-2.496	198.8720000000014
	-2.488	223.5560000000016
	-2.48	237.455999999999
	-2.472	222.8479999999997
	-2.464	244.0280000000027
	-2.456	253.4519999999995
	-2.448	261.3120000000004
	-2.44	279.6520000000019
	-2.432	293.4159999999997
	-2.424	299.2360000000003
	-2.416	292.2640000000006
	-2.408	351.3760000000011
	-2.4	343.4479999999969
	-2.392	322.256000000003
	-2.384	338.4920000000002
	-2.376	377.9640000000018
	-2.368	411.9319999999989
	-2.36	411.1439999999993
	-2.352	407.2760000000042
	-2.344	436.7679999999982
	-2.336	441.0360000000021
	-2.328	448.6279999999979
	-2.32	479.0560000000055
	-2.312	534.808000000002
	-2.304	505.8639999999964
	-2.296	529.9040000000039
	-2.288	570.8120000000022
	-2.28	629.1439999999991
	-2.272	613.4799999999989
	-2.264	608.372000000001
	-2.256	731.7320000000066
	-2.248	732.6239999999987
	-2.24	756.804000000003
	-2.232	794.7880000000018
	-2.224	839.3040000000028
	-2.216	885.4800000000002
	-2.208	903.2520000000013
	-2.2	1023.800000000007
	-2.192	994.8439999999944
	-2.184	1039.876000000001
	-2.176	1141.080000000004
	-2.168	1166.112000000004
	-2.16	1168.167999999997
	-2.152	1163.440000000003
	-2.144	1234.392000000001
	-2.136	1219.159999999999
	-2.128	1268.536000000003
	-2.12	1356.80400000001
	-2.112	1327.735999999997
	-2.104	1353.335999999998
	-2.096	1312.327999999993
	-2.088	1262.640000000007
	-2.08	1297.159999999993
	-2.072	1265.188
	-2.064	1203.96
	-2.056	1186.396000000003
	-2.048	1217.279999999995
	-2.04	1224.132000000004
	-2.032	1221.128
	-2.024	1188.235999999993
	-2.016	1106.127999999995
	-2.008	1082.592000000004
	-2	1074.075999999998
	-1.992	1050.988000000005
	-1.984	1036.491999999992
	-1.976	1024.876000000002
	-1.968	1052.044000000003
	-1.96	1124.220000000004
	-1.952	1118.031999999996
	-1.944	1148.764000000003
	-1.936	1207.644000000001
	-1.928	1218.964000000003
	-1.92	1294.612000000002
	-1.912	1425.224000000003
	-1.904	1525.072000000004
	-1.896	1580.860000000007
	-1.888	1679.660000000004
	-1.88	1824.828000000006
	-1.872	1950.80800000001
	-1.864	2095.312
	-1.856	2122.856000000002
	-1.848	2292.720000000013
	-1.84	2485.63200000001
	-1.832	2543.679999999997
	-1.824	2599.036000000007
	-1.816	2724.208000000013
	-1.808	2947.368000000006
	-1.8	3036.371999999993
	-1.792	2997.823999999998
	-1.784	3057.132000000014
	-1.776	3252.896000000004
	-1.768	3268.267999999996
	-1.76	3239.064000000003
	-1.752	3293.199999999996
	-1.744	3150.891999999997
	-1.736	3086.247999999997
	-1.728	3067.632000000003
	-1.72	2889.711999999985
	-1.712	2808.615999999999
	-1.704	2648.475999999988
	-1.696	2420.971999999996
	-1.688	2238.455999999986
	-1.68	2088.547999999993
	-1.672	1890.099999999993
	-1.664	1690.583999999993
	-1.656	1583.99599999999
	-1.648	1399.599999999999
	-1.64	1325.799999999988
	-1.632	1199.372
	-1.624	1089.787999999998
	-1.616	1030.771999999993
	-1.608	934.9999999999995
	-1.6	846.0399999999936
	-1.592	835.2640000000035
	-1.584	817.4799999999982
	-1.576	761.9039999999959
	-1.568	762.9880000000028
	-1.56	723.867999999997
	-1.552	714.7240000000002
	-1.544	679.1359999999947
	-1.536	621.8759999999991
	-1.528	604.6039999999971
	-1.52	568.1960000000024
	-1.512	544.0879999999977
	-1.504	541.6720000000012
	-1.496	515.6719999999989
	-1.488	492.2959999999971
	-1.48	461.7719999999988
	-1.472	432.8439999999987
	-1.464	385.0240000000001
	-1.456	402.2279999999982
	-1.448	390.3280000000013
	-1.44	359.0959999999966
	-1.432	331.1079999999993
	-1.424	315.2879999999993
	-1.416	288.4679999999994
	-1.408	276.5879999999977
	-1.4	244.7880000000011
	-1.392	226.9079999999981
	-1.384	215.1160000000007
	-1.376	202.5519999999985
	-1.368	181.263999999999
	-1.36	173.5680000000002
	-1.352	167.9119999999996
	-1.344	149.6119999999974
	-1.336	132.7880000000007
	-1.328	127.2080000000001
	-1.32	116.8920000000001
	-1.312	92.50399999999786
	-1.304	89.26000000000022
	-1.296	100.6440000000014
	-1.288	95.22399999999925
	-1.28	71.12399999999957
	-1.272	77.24399999999946
	-1.264	74.78000000000065
	-1.256	80.01999999999953
	-1.248	78.33999999999901
	-1.24	71.31600000000185
	-1.232	71.37199999999802
	-1.224	58.19599999999946
	-1.216	55.48000000000002
	-1.208	62.72000000000071
	-1.2	50.65199999999982
	-1.192	65.50799999999981
	-1.184	55.41200000000026
	-1.176	51.20800000000077
	-1.168	61.97999999999934
	-1.16	59.75599999999963
	-1.152	47.42400000000021
	-1.144	43.06399999999962
	-1.136	38.04800000000068
	-1.128	57.11600000000089
	-1.12	44.44399999999837
	-1.112	41.27199999999925
	-1.104	40.31200000000035
	-1.096	41.47600000000079
	-1.088	43.27999999999861
	-1.08	29.4200000000003
	-1.072	41.20400000000018
	-1.064	35.49200000000019
	-1.056	35.15599999999995
	-1.048	36.88800000000037
	-1.04	32.19999999999959
	-1.032	36.41200000000003
	-1.024	37.75600000000031
	-1.016	35.25599999999918
	-1.008	34.81200000000058
	-1	32.97599999999989
	-0.991999999999999	36.66000000000031
	-0.984	39.39600000000019
	-0.975999999999999	35.56399999999917
	-0.968	32.34799999999973
	-0.959999999999999	31.22000000000094
	-0.952	27.53199999999833
	-0.943999999999999	29.04000000000156
	-0.936	35.87199999999939
	-0.927999999999999	22.09599999999932
	-0.92	30.73200000000134
	-0.911999999999999	34.10799999999927
	-0.904	28.52000000000044
	-0.895999999999999	33.2480000000005
	-0.888	32.53599999999847
	-0.879999999999999	28.81200000000104
	-0.872	27.5359999999996
	-0.863999999999999	23.95200000000045
	-0.856	30.48399999999992
	-0.847999999999999	34.78800000000024
	-0.84	28.87999999999965
	-0.831999999999999	31.01999999999953
	-0.824	19.7360000000001
	-0.815999999999999	30.31999999999994
	-0.808	20.49199999999951
	-0.799999999999999	24.24800000000118
	-0.792	31.61999999999989
	-0.783999999999999	29.47999999999979
	-0.776	27.17200000000093
	-0.767999999999999	31.96399999999903
	-0.76	27.77199999999993
	-0.751999999999999	25.07599999999979
	-0.744	36.28400000000033
	-0.735999999999999	27.03199999999993
	-0.728	34.69200000000001
	-0.719999999999999	30.93599999999992
	-0.712	34.25599999999986
	-0.703999999999999	27.67600000000016
	-0.696	30.49199999999973
	-0.687999999999999	22.86400000000026
	-0.68	25.85600000000022
	-0.671999999999999	39.26000000000113
	-0.664	39.57599999999934
	-0.655999999999999	44.61199999999963
	-0.648	31.2800000000002
	-0.639999999999999	37.93600000000038
	-0.632	38.93199999999911
	-0.623999999999999	33.61200000000076
	-0.616	44.00000000000068
	-0.607999999999999	50.01599999999962
	-0.6	42.20000000000005
	-0.591999999999999	46.56799999999998
	-0.584	41.86399999999958
	-0.575999999999999	35.53200000000038
	-0.568	49.74799999999959
	-0.559999999999999	48.94000000000051
	-0.552	40.33199999999897
	-0.543999999999999	43.67200000000162
	-0.536	53.45599999999922
	-0.527999999999999	51.63999999999987
	-0.52	49.75600000000054
	-0.511999999999999	49.76399999999944
	-0.504	53.84000000000015
	-0.495999999999999	58.88400000000024
	-0.488	51.04799999999977
	-0.479999999999999	56.05200000000104
	-0.472	60.53599999999847
	-0.463999999999999	64.29200000000196
	-0.456	69.49599999999896
	-0.447999999999999	66.69600000000105
	-0.44	74.59599999999955
	-0.431999999999999	70.39999999999964
	-0.423999999999999	71.68799999999919
	-0.416	85.74400000000151
	-0.407999999999999	81.47200000000066
	-0.4	86.16800000000035
	-0.391999999999999	91.92399999999998
	-0.384	109.3760000000007
	-0.375999999999999	108.6719999999996
	-0.368	98.99999999999955
	-0.359999999999999	97.17600000000084
	-0.352	105.7639999999981
	-0.343999999999999	91.43999999999983
	-0.336	90.12000000000126
	-0.327999999999999	100.5360000000003
	-0.32	97.73599999999828
	-0.311999999999999	75.74000000000092
	-0.304	90.05599999999981
	-0.295999999999999	86.2960000000005
	-0.288	88.94399999999951
	-0.279999999999999	97.86400000000071
	-0.272	98.94000000000005
	-0.263999999999999	95.88399999999888
	-0.256	82.81200000000081
	-0.247999999999999	88.77200000000039
	-0.24	87.84799999999996
	-0.231999999999999	90.85999999999967
	-0.224	110.028
	-0.215999999999999	100.252
	-0.208	111.1560000000002
	-0.199999999999999	98.18399999999997
	-0.192	107.0400000000009
	-0.183999999999999	118.4920000000004
	-0.176	138.6520000000012
	-0.167999999999999	155.5799999999999
	-0.16	171.7600000000018
	-0.151999999999999	185.7039999999988
	-0.144	190.3760000000027
	-0.135999999999999	237.9120000000005
	-0.128	259.1280000000022
	-0.119999999999999	293.9279999999997
	-0.112	344.2440000000017
	-0.103999999999999	394.9640000000065
	-0.0960000000000001	461.0880000000011
	-0.0879999999999992	522.5520000000015
	-0.0800000000000001	548.9160000000047
	-0.0719999999999992	625.5160000000005
	-0.0640000000000001	702.6240000000039
	-0.0559999999999992	783.2360000000044
	-0.048	905.460000000008
	-0.0399999999999991	954.1639999999966
	-0.032	984.7240000000058
	-0.0239999999999991	1067.156000000006
	-0.016	1137.540000000001
	-0.00799999999999912	1177.524000000002
	0	1190.867999999998
	0.0080000000000009	1133.559999999994
	0.016	974.9719999999929
	0.0240000000000009	845.0399999999961
	0.032	723.6559999999922
	0.0400000000000009	611.8319999999976
	0.048	502.7759999999942
	0.0560000000000009	400.911999999995
	0.0640000000000001	305.195999999997
	0.072000000000001	252.8399999999988
	0.0800000000000001	195.1839999999966
	0.088000000000001	158.7359999999967
	0.0960000000000001	131.1959999999992
	0.104000000000001	93.84000000000015
	0.112	81.1319999999987
	0.120000000000001	67.32399999999984
	0.128	53.81199999999876
	0.136000000000001	56.5040000000015
	0.144	47.2159999999983
	0.152000000000001	37.72400000000016
	0.16	42.29599999999982
	0.168000000000001	36.4200000000003
	0.176	31.37599999999929
	0.184000000000001	25.0280000000007
	0.192	31.05199999999991
	0.200000000000001	38.30399999999986
	0.208	23.88399999999888
	0.216000000000001	22.34400000000051
	0.224	23.82800000000043
	0.232000000000001	17.65199999999959
	0.24	25.31999999999994
	0.248000000000001	20.33999999999992
	0.256	20.01199999999949
	0.264000000000001	21.76800000000071
	0.272	18.36000000000035
	0.280000000000001	23.13999999999965
	0.288	17.64799999999968
	0.296000000000001	14.72400000000039
	0.304	15.19599999999969
	0.312000000000001	15.49600000000009
	0.32	12.65199999999936
	0.328000000000001	16.38800000000106
	0.336	16.79199999999923
	0.344000000000001	13.56399999999985
	0.352	14.34400000000028
	0.360000000000001	14.42399999999998
	0.368	14.1080000000004
	0.376000000000001	12.14399999999978
	0.384	10.58799999999974
	0.392000000000001	14.36000000000035
	0.4	15.04399999999964
	0.408000000000001	16.77600000000007
	0.416	8.083999999999605
	0.424000000000001	11.6520000000005
	0.432	14.19600000000037
	0.440000000000001	17.93599999999969
	0.448	14.42799999999988
	0.456000000000001	11.51599999999962
	0.464	10.96000000000026
	0.472000000000001	9.607999999999493
	0.48	10.78400000000033
	0.488000000000001	11.22800000000007
	0.496	13.30800000000022
	0.504000000000001	15.54799999999977
	0.512	5.239999999999782
	0.520000000000001	8.988000000000284
	0.528	8.359999999999673
	0.536000000000001	6.872000000000298
	0.544	11.64800000000014
	0.552000000000001	7.631999999999607
	0.56	9.552000000000362
	0.568000000000001	12.65599999999995
	0.576000000000001	9.120000000000118
	0.584000000000001	9.107999999999947
	0.592000000000001	7.455999999999676
	0.6	6.764000000000351
	0.608000000000001	4.739999999999327
	0.616	7.39200000000028
	0.624000000000001	10.74000000000024
	0.632	9.020000000000209
	0.640000000000001	7.291999999999689
	0.648	7.055999999999813
	0.656000000000001	8.880000000000109
	0.664	9.228000000000293
	0.672000000000001	7.799999999999727
	0.68	9.983999999999924
	0.688000000000001	6.304000000000087
	0.696	6.599999999999909
	0.704000000000001	7.16800000000012
	0.712	5.667999999999893
	0.720000000000001	7.700000000000273
	0.728	4.69199999999978
	0.736000000000001	10.57600000000002
	0.744	3.52800000000002
	0.752000000000001	8.944000000000187
	0.76	13.35199999999963
	0.768000000000001	9.068000000000211
	0.776	7.728000000000065
	0.784000000000001	5.771999999999935
	0.792	7.143999999999778
	0.800000000000001	6.988000000000056
	0.808	11.10000000000059
	0.816000000000001	9.963999999999714
	0.824	5.0799999999997
	0.832000000000001	3.076000000000249
	0.84	8.587999999999965
	0.848000000000001	6.375999999999749
	0.856	4.735999999999876
	0.864000000000001	4.091999999999871
	0.872	5.924000000000433
	0.880000000000001	5.748000000000047
	0.888	10.77200000000016
	0.896000000000001	6.239999999999554
	0.904	4.228000000000293
	0.912000000000001	8.900000000000091
	0.92	7.611999999999853
	0.928000000000001	9.207999999999856
	0.936	5.604000000000269
	0.944000000000001	5.419999999999845
	0.952	6.523999999999887
	0.960000000000001	8.064000000000306
	0.968	10.5
	0.976000000000001	10.77999999999952
	0.984	5.028000000000247
	0.992000000000001	7.339999999999691
	1	8.728000000000293
	1.008	9.912000000000262
	1.016	6.427999999999656
	1.024	3.559999999999945
	1.032	4.703999999999951
	1.04	6.720000000000255
	1.048	4.431999999999789
	1.056	5.796000000000049
	1.064	5.951999999999998
	1.072	8.904000000000224
	1.08	12.01199999999994
	1.088	6.399999999999864
	1.096	7.759999999999764
	1.104	4.020000000000437
	1.112	8.515999999999849
	1.12	8.976000000000113
	1.128	8.032000000000153
	1.136	6.659999999999854
	1.144	7.24799999999982
	1.152	10.85599999999999
	1.16	5.163999999999987
	1.168	2.688000000000102
	1.176	3.451999999999998
	1.184	4.107999999999947
	1.192	4.407999999999902
	1.2	3.487999999999829
	1.208	3.328000000000202
	1.216	7.536000000000286
	1.224	6.80399999999986
	1.232	5.108000000000175
	1.24	4.687999999999647
	1.248	3.58400000000006
	1.256	6.036000000000058
	1.264	7.22400000000016
	1.272	2.679999999999609
	1.28	4.33600000000024
	1.288	6.099999999999909
	1.296	5.968000000000075
	1.304	3.19600000000014
	1.312	3.883999999999787
	1.32	3.948000000000093
	1.328	4.223999999999933
	1.336	6.22400000000016
	1.344	6.879999999999654
	1.352	4.616000000000213
	1.36	4.759999999999991
	1.368	1.423999999999978
	1.376	3.451999999999771
	1.384	3.704000000000178
	1.392	6.364000000000033
	1.4	6.928000000000111
	1.408	4.791999999999916
	1.416	3.900000000000318
	1.424	6.699999999999591
	1.432	4.544000000000096
	1.44	5.632000000000062
	1.448	4.567999999999756
	1.456	2.827999999999975
	1.464	2.792000000000371
	1.472	6.011999999999944
	1.48	5.539999999999964
	1.488	4.655999999999949
	1.496	2.984000000000151
	1.504	4.19199999999978
	1.512	5.751999999999953
	1.52	5.11600000000044
	1.528	9.399999999999636
	1.536	6.596000000000231
	1.544	3.431999999999789
	1.552	5.232000000000198
	1.56	1.559999999999718
	1.568	2.44399999999996
	1.576	3.256000000000085
	1.584	4.567999999999756
	1.592	6.044000000000551
	1.6	5.367999999999711
	1.608	6.663999999999987
	1.616	2.972000000000207
	1.624	4.967999999999847
	1.632	5.236000000000104
	1.64	4.459999999999809
	1.648	8.352000000000317
	1.656	3.131999999999607
	1.664	4.804000000000315
	1.672	2.395999999999731
	1.68	3.200000000000045
	1.688	2.796000000000049
	1.696	3.372000000000071
	1.704	5.320000000000164
	1.712	5.939999999999827
	1.72	5.171999999999798
	1.728	9.604000000000497
	1.736	5.343999999999824
	1.744	4.7199999999998
	1.752	2.319999999999936
	1.76	4.69600000000014
	1.768	5.048000000000002
	1.776	3.239999999999782
	1.784	6.632000000000289
	1.792	4.375999999999749
	1.8	2.296000000000049
	1.808	2.703999999999951
	1.816	4.932000000000016
	1.824	1.384000000000015
	1.832	3.463999999999942
	1.84	3.524000000000115
	1.848	3.104000000000042
	1.856	3.364000000000033
	1.864	3.41599999999994
	1.872	3.192000000000007
	1.88	3.872000000000071
	1.888	3.603999999999814
	1.896	0.4639999999999418
	1.904	3.252000000000407
	1.912	4.747999999999593
	1.92	0.7720000000001619
	1.928	3.352000000000089
	1.936	4.751999999999725
	1.944	2.764000000000124
	1.952	0.5960000000000036
	1.96	1
	1.968	4.072000000000116
	1.976	2.143999999999778
	1.984	1
	1.992	0.5480000000000018
	2	2.144000000000005
	2.008	0.8559999999999945
	2.016	1.072000000000116
	2.024	2.576000000000022
	2.032	1.351999999999862
	2.04	1.903999999999996
	2.048	1.096000000000004
	2.056	0.9600000000000364
	2.064	0.03999999999996362
	2.072	0.9080000000001291
	2.08	0.6279999999999291
	2.088	1.463999999999942
	2.096	0
	2.104	0.5360000000000582
	2.112	0.4639999999999418
	2.12	0
	2.128	0
	2.136	0
	2.144	0
	2.152	0.5360000000000582
	2.16	0.4639999999999418
	2.168	0
	2.176	0
	2.184	0
	2.192	0
	2.2	0
	2.208	0
	2.216	0
	2.224	0
	2.232	0
	2.24	0
	2.248	0
