sum_T25_0p12_0		
	-14.08	1
	-14.072	1.140000000000001
	-14.064	2
	-14.056	2.119999999999997
	-14.048	2.740000000000002
	-14.04	3
	-14.032	1.119999999999997
	-14.024	2.020000000000003
	-14.016	2.859999999999999
	-14.008	1
	-14	1.119999999999997
	-13.992	2.880000000000003
	-13.984	1
	-13.976	1
	-13.968	1.859999999999999
	-13.96	1.259999999999998
	-13.952	2.140000000000001
	-13.944	2.740000000000002
	-13.936	2.119999999999997
	-13.928	3.740000000000002
	-13.92	1.140000000000001
	-13.912	3.719999999999999
	-13.904	1.420000000000002
	-13.896	1.859999999999999
	-13.888	1.859999999999999
	-13.88	1.280000000000001
	-13.872	2.859999999999999
	-13.864	1
	-13.856	2.259999999999998
	-13.848	5.024000000000001
	-13.84	3.523999999999997
	-13.832	2.332000000000004
	-13.824	1.859999999999999
	-13.816	1.140000000000001
	-13.808	1.859999999999999
	-13.8	3.119999999999997
	-13.792	2.396000000000001
	-13.784	4.744
	-13.776	2.740000000000002
	-13.768	2.408000000000005
	-13.76	4.423999999999999
	-13.752	3.167999999999996
	-13.744	1.088000000000001
	-13.736	1.031999999999996
	-13.728	2.488000000000005
	-13.72	0.5000000000000013
	-13.712	1.303999999999989
	-13.704	5.588000000000008
	-13.696	3.519999999999992
	-13.688	3.588000000000012
	-13.68	3.031999999999996
	-13.672	2.668000000000005
	-13.664	3.112
	-13.656	1.167999999999996
	-13.648	2.975999999999997
	-13.64	4.148000000000007
	-13.632	3.531999999999995
	-13.624	0.2240000000000038
	-13.616	1.119999999999997
	-13.608	2.512000000000002
	-13.6	4.763999999999999
	-13.592	2.244
	-13.584	3.863999999999997
	-13.576	3.356000000000002
	-13.568	3.215999999999994
	-13.56	5.716000000000008
	-13.552	4.152000000000005
	-13.544	5.239999999999998
	-13.536	5.131999999999998
	-13.528	3.756
	-13.52	4.939999999999994
	-13.512	3.66
	-13.504	2.108000000000004
	-13.496	3.512
	-13.488	4.803999999999995
	-13.48	5.792000000000002
	-13.472	0.7520000000000024
	-13.464	2.116
	-13.456	2.219999999999999
	-13.448	3.411999999999999
	-13.44	1.655999999999999
	-13.432	2.924000000000007
	-13.424	4.792000000000002
	-13.416	3.595999999999989
	-13.408	6.424000000000007
	-13.4	1.372
	-13.392	2.811999999999998
	-13.384	3.488
	-13.376	3.180000000000007
	-13.368	4.695999999999998
	-13.36	4.480000000000004
	-13.352	7.231999999999999
	-13.344	2.771999999999991
	-13.336	2.532000000000011
	-13.328	3.555999999999997
	-13.32	2.099999999999994
	-13.312	2.295999999999992
	-13.304	4.888000000000005
	-13.296	1.968000000000004
	-13.288	1.968000000000004
	-13.28	3.084000000000003
	-13.272	1.915999999999997
	-13.264	1.275999999999996
	-13.256	2.528000000000006
	-13.248	3.103999999999999
	-13.24	2.947999999999993
	-13.232	5.079999999999998
	-13.224	3.783999999999992
	-13.216	3.195999999999998
	-13.208	4.648000000000025
	-13.2	3.86399999999999
	-13.192	1.847999999999985
	-13.184	3.232000000000028
	-13.176	6.135999999999996
	-13.168	6.104000000000013
	-13.16	5.767999999999986
	-13.152	2.363999999999962
	-13.144	0.2800000000000296
	-13.136	3.536000000000001
	-13.128	4.727999999999994
	-13.12	4.023999999999987
	-13.112	1.936000000000035
	-13.104	4.647999999999996
	-13.096	2.639999999999972
	-13.088	5.680000000000049
	-13.08	7.787999999999968
	-13.072	3.387999999999977
	-13.064	3.132000000000005
	-13.056	3.468000000000032
	-13.048	3.72799999999998
	-13.04	4.083999999999975
	-13.032	3.880000000000038
	-13.024	4.116000000000028
	-13.016	8.347999999999985
	-13.008	3.315999999999974
	-13	3.091999999999999
	-12.992	4.515999999999991
	-12.984	4.531999999999996
	-12.976	0.3240000000000123
	-12.968	5.072000000000031
	-12.96	5.951999999999998
	-12.952	3.05999999999996
	-12.944	2.772000000000006
	-12.936	4.120000000000005
	-12.928	3.72799999999998
	-12.92	5.08400000000006
	-12.912	5.287999999999968
	-12.904	2.719999999999985
	-12.896	2.719999999999985
	-12.888	2.356000000000023
	-12.88	3.943999999999974
	-12.872	0.4560000000000173
	-12.864	3.724000000000018
	-12.856	2.811999999999998
	-12.848	5.052000000000007
	-12.84	4.49199999999999
	-12.832	1.859999999999985
	-12.824	2.308000000000021
	-12.816	2.411999999999992
	-12.808	3.956000000000017
	-12.8	4.32399999999997
	-12.792	1.603999999999985
	-12.784	1.396000000000001
	-12.776	2.816000000000017
	-12.768	2.675999999999988
	-12.76	0.2920000000000016
	-12.752	4.236000000000033
	-12.744	2.516000000000005
	-12.736	2.872000000000014
	-12.728	7.615999999999971
	-12.72	6.299999999999997
	-12.712	4.819999999999979
	-12.704	4.695999999999998
	-12.696	3.704000000000008
	-12.688	4.203999999999979
	-12.68	3.867999999999995
	-12.672	3.676000000000016
	-12.664	3.287999999999982
	-12.656	2.968000000000018
	-12.648	4.420000000000016
	-12.64	3.979999999999961
	-12.632	3.960000000000036
	-12.624	3.95199999999997
	-12.616	6.756000000000029
	-12.608	4.20799999999997
	-12.6	2.919999999999987
	-12.592	5.01600000000002
	-12.584	3.416000000000025
	-12.576	4.555999999999955
	-12.568	3.656000000000034
	-12.56	2.423999999999978
	-12.552	5.100000000000023
	-12.544	3.69199999999995
	-12.536	0.8120000000000118
	-12.528	1
	-12.52	1.584000000000003
	-12.512	1.244
	-12.504	1.27200000000002
	-12.496	4.232000000000056
	-12.488	4.915999999999912
	-12.48	2.872000000000043
	-12.472	4.48399999999998
	-12.464	1.675999999999988
	-12.456	4.728000000000037
	-12.448	4.059999999999974
	-12.44	3.876000000000005
	-12.432	3.99199999999999
	-12.424	3.272000000000048
	-12.416	5.412000000000006
	-12.408	4.963999999999942
	-12.4	2.604000000000042
	-12.392	4.871999999999986
	-12.384	3.363999999999976
	-12.376	3.276000000000039
	-12.368	4.219999999999999
	-12.36	7.24799999999999
	-12.352	5.47199999999998
	-12.344	3.576000000000079
	-12.336	5.339999999999947
	-12.328	4.003999999999991
	-12.32	3.883999999999986
	-12.312	3.824000000000041
	-12.304	5.651999999999958
	-12.296	3.111999999999995
	-12.288	2.372000000000014
	-12.28	5.575999999999993
	-12.272	3.02000000000001
	-12.264	4.420000000000016
	-12.256	1.859999999999957
	-12.248	3.612000000000023
	-12.24	3.700000000000017
	-12.232	3.831999999999994
	-12.224	4.123999999999995
	-12.216	5.671999999999969
	-12.208	2.32000000000005
	-12.2	4.799999999999955
	-12.192	3.060000000000031
	-12.184	4.032000000000011
	-12.176	3.627999999999957
	-12.168	2.432000000000016
	-12.16	6.568000000000012
	-12.152	4.115999999999985
	-12.144	2.939999999999998
	-12.136	1.376000000000005
	-12.128	3.795999999999992
	-12.12	3.592000000000013
	-12.112	2.307999999999964
	-12.104	2.560000000000059
	-12.096	3.779999999999973
	-12.088	3.408000000000015
	-12.08	5.075999999999993
	-12.072	4.45999999999998
	-12.064	1.171999999999997
	-12.056	4.336000000000013
	-12.048	1.900000000000006
	-12.04	3.48399999999998
	-12.032	3.748000000000019
	-12.024	2.075999999999965
	-12.016	3.356000000000051
	-12.008	3.495999999999981
	-12	4.54000000000002
	-11.992	4.923999999999978
	-11.984	3.06800000000004
	-11.976	6.803999999999974
	-11.968	3.683999999999969
	-11.96	2.340000000000003
	-11.952	2.795999999999992
	-11.944	2.768000000000029
	-11.936	3.371999999999986
	-11.928	3.50800000000001
	-11.92	7.524000000000058
	-11.912	5.191999999999979
	-11.904	7.439999999999941
	-11.896	2.992000000000047
	-11.888	3.695999999999998
	-11.88	0.7719999999999629
	-11.872	1.879999999999995
	-11.864	1.488000000000028
	-11.856	0.4799999999999898
	-11.848	2.960000000000036
	-11.84	8.723999999999961
	-11.832	5.335999999999984
	-11.824	2.256000000000029
	-11.816	1.463999999999999
	-11.808	2.728000000000094
	-11.8	5.551999999999879
	-11.792	4.156000000000063
	-11.784	5.55600000000004
	-11.776	5.863999999999976
	-11.768	5.155999999999949
	-11.76	3.144000000000034
	-11.752	8.316000000000031
	-11.744	1.843999999999937
	-11.736	4.124000000000024
	-11.728	3.759999999999962
	-11.72	4.496000000000038
	-11.712	2.591999999999985
	-11.704	3.86000000000007
	-11.696	5.323999999999955
	-11.688	5.528000000000077
	-11.68	2.355999999999938
	-11.672	4.996000000000095
	-11.664	1.788000000000011
	-11.656	2.707999999999913
	-11.648	6.54000000000002
	-11.64	6.575999999999965
	-11.632	4.83200000000005
	-11.624	4.119999999999948
	-11.616	4.496000000000095
	-11.608	2.883999999999958
	-11.6	2.77600000000001
	-11.592	2.127999999999986
	-11.584	5.899999999999977
	-11.576	4.267999999999972
	-11.568	6.547999999999945
	-11.56	5.380000000000052
	-11.552	6.43199999999996
	-11.544	5.22399999999999
	-11.536	4.492000000000132
	-11.528	3.647999999999968
	-11.52	3.799999999999898
	-11.512	4.16800000000012
	-11.504	2.379999999999995
	-11.496	3.912000000000035
	-11.488	2.367999999999938
	-11.48	5.228000000000009
	-11.472	4.972000000000037
	-11.464	3.247999999999934
	-11.456	4.599999999999909
	-11.448	4.604000000000042
	-11.44	7.380000000000052
	-11.432	6.62400000000008
	-11.424	3.811999999999955
	-11.416	4.307999999999936
	-11.408	4.651999999999987
	-11.4	6.86400000000009
	-11.392	4.319999999999823
	-11.384	7.200000000000102
	-11.376	2.616000000000099
	-11.368	3.739999999999895
	-11.36	9.843999999999994
	-11.352	3.564000000000078
	-11.344	5.136000000000024
	-11.336	2.71999999999997
	-11.328	2.975999999999942
	-11.32	5.828000000000031
	-11.312	3.715999999999951
	-11.304	0.8640000000000896
	-11.296	6.163999999999987
	-11.288	3.603999999999928
	-11.28	5.836000000000126
	-11.272	1.159999999999911
	-11.264	4.492000000000019
	-11.256	3.744000000000028
	-11.248	2.727999999999952
	-11.24	3.75200000000001
	-11.232	8.255999999999915
	-11.224	10.59199999999993
	-11.216	6.236000000000161
	-11.208	8.196000000000026
	-11.2	3.70799999999997
	-11.192	4.247999999999934
	-11.184	4.696000000000083
	-11.176	6.42799999999994
	-11.168	2.672000000000082
	-11.16	3.883999999999958
	-11.152	3.743999999999971
	-11.144	5.720000000000027
	-11.136	5.180000000000007
	-11.128	10.64399999999989
	-11.12	4.952000000000169
	-11.112	2.635999999999967
	-11.104	3.372000000000014
	-11.096	6.207999999999856
	-11.088	3.764000000000124
	-11.08	3.487999999999943
	-11.072	5.452000000000055
	-11.064	2.74799999999999
	-11.056	3.283999999999992
	-11.048	3.076000000000079
	-11.04	2.439999999999884
	-11.032	3.1400000000001
	-11.024	2.967999999999904
	-11.016	9.487999999999886
	-11.008	7.668000000000063
	-11	2.460000000000093
	-10.992	5.78000000000003
	-10.984	4.627999999999929
	-10.976	4.78000000000003
	-10.968	5.396000000000015
	-10.96	5.943999999999846
	-10.952	8.680000000000121
	-10.944	3.77600000000001
	-10.936	5.139999999999986
	-10.928	5.295999999999992
	-10.92	9.247999999999934
	-10.912	3.804000000000087
	-10.904	7.415999999999997
	-10.896	5.82000000000005
	-10.888	3.596000000000004
	-10.88	2.495999999999924
	-10.872	5.903999999999996
	-10.864	6.379999999999939
	-10.856	5.768000000000086
	-10.848	5.580000000000041
	-10.84	4.791999999999973
	-10.832	1.876000000000033
	-10.824	2.736000000000047
	-10.816	4.123999999999853
	-10.808	3.976000000000113
	-10.8	4.827999999999918
	-10.792	5.676000000000045
	-10.784	4.83200000000005
	-10.776	5.459999999999923
	-10.768	2.468000000000075
	-10.76	4.447999999999922
	-10.752	3.867999999999995
	-10.744	3.356000000000051
	-10.736	3.344000000000051
	-10.728	5.515999999999906
	-10.72	5.440000000000055
	-10.712	1.463999999999999
	-10.704	1.839999999999975
	-10.696	4.379999999999939
	-10.688	2.316000000000088
	-10.68	2.411999999999978
	-10.672	2.759999999999991
	-10.664	6.515999999999963
	-10.656	8.128000000000043
	-10.648	9.547999999999888
	-10.64	4.232000000000085
	-10.632	8.275999999999783
	-10.624	5.904000000000167
	-10.616	2.260000000000105
	-10.608	6.943999999999903
	-10.6	5.004000000000019
	-10.592	6.644000000000005
	-10.584	4.088000000000079
	-10.576	5.647999999999968
	-10.568	2.28000000000003
	-10.56	5.087999999999852
	-10.552	4.516000000000076
	-10.544	6.692000000000007
	-10.536	5.823999999999842
	-10.528	9.836000000000126
	-10.52	6.104000000000042
	-10.512	4.452000000000055
	-10.504	5.608000000000004
	-10.496	4.515999999999963
	-10.488	4.956000000000017
	-10.48	3.251999999999953
	-10.472	5.116000000000042
	-10.464	4.511999999999944
	-10.456	7.531999999999925
	-10.448	3.172000000000139
	-10.44	6.095999999999947
	-10.432	8.575999999999908
	-10.424	7.400000000000148
	-10.416	5.731999999999914
	-10.408	8.799999999999841
	-10.4	10.60000000000019
	-10.392	9.551999999999907
	-10.384	6.384000000000071
	-10.376	2.644000000000119
	-10.368	2.563999999999851
	-10.36	5.93200000000013
	-10.352	4.415999999999997
	-10.344	5.13599999999991
	-10.336	5.275999999999954
	-10.328	3.828000000000088
	-10.32	5.127999999999986
	-10.312	7.595999999999947
	-10.304	4.636000000000024
	-10.296	0.8840000000000714
	-10.288	1.675999999999988
	-10.28	3.899999999999977
	-10.272	7.192000000000007
	-10.264	7.091999999999928
	-10.256	5.168000000000006
	-10.248	10.62399999999985
	-10.24	4.428000000000225
	-10.232	8.311999999999898
	-10.224	6.915999999999997
	-10.216	5.680000000000007
	-10.208	8.079999999999984
	-10.2	2.872000000000071
	-10.192	6.107999999999947
	-10.184	5.724000000000046
	-10.176	6.599999999999966
	-10.168	6.716000000000065
	-10.16	11.22399999999982
	-10.152	7.516000000000133
	-10.144	5.056000000000097
	-10.136	6.539999999999964
	-10.128	6.539999999999964
	-10.12	7.731999999999857
	-10.112	10.50000000000017
	-10.104	8.44399999999996
	-10.096	2.408000000000072
	-10.088	4.255999999999972
	-10.08	7.939999999999941
	-10.072	6.744000000000028
	-10.064	6.303999999999974
	-10.056	7.151999999999987
	-10.048	11.12399999999991
	-10.04	3.884000000000185
	-10.032	8.707999999999913
	-10.024	5.944000000000074
	-10.016	5.435999999999865
	-10.008	6.792000000000087
	-10	6.963999999999942
	-9.992	4.948000000000093
	-9.984	5.095999999999833
	-9.976	7.180000000000121
	-9.968	8.256000000000029
	-9.96	7.435999999999979
	-9.952	10.17200000000003
	-9.944	10.51999999999992
	-9.936	9.75200000000001
	-9.928	10.108
	-9.92	7.340000000000089
	-9.912	8.943999999999903
	-9.904	6.244000000000028
	-9.896	6.060000000000059
	-9.888	12.76799999999992
	-9.88	7.352000000000089
	-9.872	9.54000000000002
	-9.864	8.667999999999893
	-9.856	7.800000000000068
	-9.848	7.83199999999988
	-9.84	12.91200000000026
	-9.832	7.991999999999734
	-9.824	9.620000000000118
	-9.816	5.896000000000129
	-9.808	6.307999999999879
	-9.8	6.09599999999989
	-9.792	6.46000000000015
	-9.784	5.588000000000022
	-9.776	7.503999999999962
	-9.768	12.78399999999988
	-9.76	7.100000000000136
	-9.752	6.62399999999991
	-9.744	5.404000000000167
	-9.736	6.023999999999944
	-9.728	12.26000000000016
	-9.72	8.299999999999955
	-9.712	6.935999999999638
	-9.704	6.704000000000235
	-9.696	7.92799999999994
	-9.688	7.96000000000015
	-9.68	6.339999999999975
	-9.672	7.37599999999992
	-9.664	9.86000000000007
	-9.656	10.41199999999969
	-9.648	11.91200000000038
	-9.64	6.688000000000045
	-9.632	10.35600000000011
	-9.624	13.70800000000008
	-9.616	8.05199999999968
	-9.608	2.716000000000349
	-9.6	15.74000000000001
	-9.592	10.63599999999974
	-9.584	4.144000000000119
	-9.576	9.507999999999925
	-9.568	6.536000000000058
	-9.56	13.27600000000018
	-9.552	10.43599999999969
	-9.544	6.700000000000045
	-9.536	10.72799999999995
	-9.528	3.048000000000116
	-9.52	8.419999999999959
	-9.512	12.49199999999996
	-9.504	7.416000000000167
	-9.496	7.26400000000001
	-9.488	8.147999999999911
	-9.48	5.855999999999995
	-9.472	7.139999999999986
	-9.464	9.94399999999996
	-9.456	10.42000000000007
	-9.448	14.26799999999992
	-9.44	10.41200000000003
	-9.432	9.211999999999989
	-9.424	7.971999999999866
	-9.416	8.312000000000239
	-9.408	14.31999999999994
	-9.4	13.54399999999976
	-9.392	4.120000000000118
	-9.384	10.01600000000008
	-9.376	8.331999999999994
	-9.368	7.492000000000417
	-9.36	10.88399999999945
	-9.352	8.51600000000019
	-9.344	13.03600000000017
	-9.336	15.00399999999979
	-9.328	7.380000000000223
	-9.32	12.12400000000002
	-9.312	10.69599999999969
	-9.304	6.776000000000067
	-9.296	9.65199999999993
	-9.288	16.59600000000012
	-9.28	13.36399999999981
	-9.272	11.80800000000033
	-9.264	10.1759999999997
	-9.256	13.50000000000023
	-9.248	10.01200000000006
	-9.24	16.20400000000006
	-9.232	13.58799999999974
	-9.224	7.204000000000065
	-9.216	18.62799999999993
	-9.208	12.50800000000004
	-9.2	15.38800000000003
	-9.192	10.024
	-9.184	7.052000000000021
	-9.176	13.0680000000001
	-9.168	17.07999999999981
	-9.16	12.60400000000016
	-9.152	8.251999999999839
	-9.144	12.30800000000033
	-9.136	19.93199999999979
	-9.128	12.06399999999974
	-9.12	14.81600000000026
	-9.112	8.927999999999884
	-9.104	12.12800000000027
	-9.096	20.57199999999966
	-9.088	10.74800000000016
	-9.08	11.94000000000005
	-9.072	15.07999999999993
	-9.064	11.21199999999999
	-9.056	14.30800000000022
	-9.048	12.85599999999965
	-9.04	5.84800000000007
	-9.032	14.14400000000001
	-9.024	10.73200000000043
	-9.016	12.32399999999973
	-9.008	10.19999999999982
	-9	14.24800000000016
	-8.992	16.82000000000005
	-8.984	10.28399999999976
	-8.976	13.63600000000019
	-8.968	18.91999999999985
	-8.96	11.928
	-8.952	15.82399999999996
	-8.944	11.16399999999999
	-8.936	16.76000000000033
	-8.928	18.03200000000004
	-8.92	15.66399999999999
	-8.912	15.59999999999991
	-8.904	12.52799999999991
	-8.896	14.79600000000005
	-8.888	15.82799999999975
	-8.88	7.187999999999988
	-8.872	7.796000000000163
	-8.864	14.03200000000015
	-8.856	19.58800000000008
	-8.848	16.26799999999992
	-8.84	22.80400000000009
	-8.832	16.30399999999975
	-8.824	13.80800000000011
	-8.816	15.54800000000012
	-8.808	17.29199999999992
	-8.8	15.29200000000003
	-8.792	17.78800000000001
	-8.784	13.99599999999987
	-8.776	15.2360000000001
	-8.768	12.15199999999993
	-8.76	13.19999999999982
	-8.752	13.13999999999999
	-8.744	8.76400000000001
	-8.736	6.912000000000148
	-8.728	13.62000000000012
	-8.72	18.97200000000009
	-8.712	20.86799999999994
	-8.704	16.57999999999993
	-8.696	15.50400000000013
	-8.688	13.97200000000009
	-8.68	17.61599999999987
	-8.672	24.89599999999996
	-8.664	24.00400000000013
	-8.656	18.80800000000011
	-8.648	24.86399999999981
	-8.64	15.48000000000002
	-8.632	18.9799999999999
	-8.624	24.65599999999984
	-8.616	18.53600000000006
	-8.608	15.72800000000007
	-8.6	21.1640000000001
	-8.592	19.01599999999985
	-8.584	14.33600000000001
	-8.576	17.30000000000007
	-8.568	14.66800000000023
	-8.56	17.87599999999975
	-8.552	23.4000000000002
	-8.544	26.57600000000014
	-8.536	25.01999999999987
	-8.528	29.19199999999978
	-8.52	17.32799999999997
	-8.512	16.36000000000001
	-8.504	20.57999999999993
	-8.496	20.28400000000033
	-8.488	23.4799999999999
	-8.48	19.21599999999989
	-8.472	19.096
	-8.464	20.24800000000016
	-8.456	19.2199999999998
	-8.448	25.66000000000031
	-8.44	20.32399999999961
	-8.432	18.20400000000029
	-8.424	16.54799999999989
	-8.416	19.18800000000022
	-8.408	23.79599999999971
	-8.4	24.91600000000005
	-8.392	14.13600000000008
	-8.384	20.70400000000006
	-8.376	28.952
	-8.368	19.33999999999992
	-8.36	20.80000000000007
	-8.352	20.45599999999979
	-8.344	25.8240000000003
	-8.336	29.38799999999981
	-8.328	29.89600000000019
	-8.32	29.73199999999986
	-8.312	27.87600000000009
	-8.304	27.1640000000001
	-8.296	22.42399999999975
	-8.288	22.87200000000018
	-8.28	27.83999999999992
	-8.272	24.16799999999989
	-8.264	29.66800000000012
	-8.256	22.52399999999989
	-8.248	28.55200000000013
	-8.24	24.12400000000002
	-8.232	32.46400000000028
	-8.224	41.54399999999987
	-8.216	28.49199999999973
	-8.208	22.88800000000026
	-8.2	31.15999999999963
	-8.192	24.01600000000019
	-8.184	28.35600000000034
	-8.176	31.26800000000003
	-8.168	30.77199999999959
	-8.16	25.77200000000005
	-8.152	29.93200000000002
	-8.144	31.08799999999974
	-8.136	25.25600000000043
	-8.128	29.25999999999999
	-8.12	28.60399999999981
	-8.112	34.15200000000004
	-8.104	36.6840000000002
	-8.096	29.28399999999954
	-8.088	23.12400000000002
	-8.08	17.91600000000005
	-8.072	32.94400000000007
	-8.064	39.49200000000019
	-8.056	35.11199999999985
	-8.048	34.92000000000007
	-8.04	32.41200000000015
	-8.032	28.73200000000031
	-8.024	35.67999999999984
	-8.016	32.11199999999963
	-8.008	30.47199999999998
	-8	24.82799999999997
	-7.992	21.79200000000014
	-7.984	23.65200000000004
	-7.976	42.13600000000019
	-7.968	32.63599999999963
	-7.96	32.20000000000005
	-7.952	34.98400000000026
	-7.944	22.96399999999971
	-7.936	24.84400000000028
	-7.928	32.01999999999987
	-7.92	26.67199999999991
	-7.912	32.95200000000023
	-7.904	37.00799999999992
	-7.896	25.03200000000004
	-7.888	37.03199999999993
	-7.88	28.80399999999997
	-7.872	41.07999999999993
	-7.864	33.04000000000008
	-7.856	34.06000000000017
	-7.848	36.07599999999968
	-7.84	33.86000000000035
	-7.832	39.6160000000001
	-7.824	35.47999999999979
	-7.816	36.85200000000032
	-7.808	32.59999999999957
	-7.8	42.40800000000058
	-7.792	44.24799999999959
	-7.784	40.56000000000017
	-7.776	36.18799999999976
	-7.768	30.95200000000011
	-7.76	28.76400000000012
	-7.752	27.16399999999942
	-7.744	37.09600000000034
	-7.736	41.52400000000011
	-7.728	37.30799999999999
	-7.72	43.00399999999979
	-7.712	37.78799999999978
	-7.704	31.8040000000002
	-7.696	45.76399999999978
	-7.688	42.08400000000063
	-7.68	47.07199999999989
	-7.672	39.48799999999983
	-7.664	34.31199999999967
	-7.656	50.26400000000046
	-7.648	36.40800000000013
	-7.64	46.27199999999993
	-7.632	46.63200000000006
	-7.624	52.37599999999964
	-7.616	41.31200000000035
	-7.608	43.41199999999969
	-7.6	40.52800000000025
	-7.592	43.48399999999981
	-7.584	54.17200000000037
	-7.576	44.67999999999972
	-7.568	44.44800000000021
	-7.56	45.3199999999996
	-7.552	47.80800000000022
	-7.544	42.4159999999996
	-7.536	45.3640000000006
	-7.528	47.29999999999961
	-7.52	49.47600000000034
	-7.512	37.80399999999929
	-7.504	49.84800000000041
	-7.496	42.68400000000031
	-7.488	46.13599999999997
	-7.48	48.24800000000027
	-7.472	46.27199999999959
	-7.464	58.18400000000042
	-7.456	55.78399999999999
	-7.448	52.74399999999935
	-7.44	44.28800000000012
	-7.432	41.31200000000035
	-7.424	56.04799999999977
	-7.416	46.54400000000021
	-7.408	52.36800000000051
	-7.4	54.51199999999915
	-7.392	71.89200000000039
	-7.384	49.25599999999986
	-7.376	50.6600000000002
	-7.368	49.46000000000015
	-7.36	60.69999999999959
	-7.352	57.90000000000043
	-7.344	57.21199999999953
	-7.336	63.10000000000082
	-7.328	57.81999999999903
	-7.32	50.70399999999972
	-7.312	53.22400000000073
	-7.304	69.68799999999976
	-7.296	53.61600000000055
	-7.288	56.93199999999956
	-7.28	62.72000000000025
	-7.272	53.09199999999998
	-7.264	70.5
	-7.256	64.91999999999996
	-7.248	68.44800000000032
	-7.24	72.58800000000008
	-7.232	66.93999999999926
	-7.224	57.74000000000092
	-7.216	72.80799999999999
	-7.208	72.85199999999907
	-7.2	55.91200000000038
	-7.192	61.81200000000024
	-7.184	74.39999999999975
	-7.176	67.06799999999998
	-7.168	74.40400000000022
	-7.16	81.27999999999963
	-7.152	73.85200000000009
	-7.144	64.78800000000058
	-7.136	74.27199999999959
	-7.128	63.75999999999976
	-7.12	70.80400000000031
	-7.112	82.7919999999998
	-7.104	79.30799999999988
	-7.096	63.42800000000011
	-7.088	68.46800000000064
	-7.08	89.60399999999959
	-7.072	89.50000000000023
	-7.064	80.38
	-7.056	87.65999999999974
	-7.048	75.77200000000016
	-7.04	88.43999999999994
	-7.032	88.13199999999983
	-7.024	108.524000000001
	-7.016	87.05999999999892
	-7.008	83.3600000000007
	-7	83.90799999999979
	-6.992	78.2079999999994
	-6.984	67.27599999999995
	-6.976	81.64400000000091
	-6.968	82.81200000000024
	-6.96	88.0919999999993
	-6.952	93.26800000000003
	-6.944	78.06800000000021
	-6.936	78.8760000000002
	-6.928	93.35999999999979
	-6.92	76.40399999999966
	-6.912	84.47600000000034
	-6.904	89.98799999999994
	-6.896	93.21600000000001
	-6.888	94.49600000000032
	-6.88	94.72399999999993
	-6.872	84.78799999999944
	-6.864	96.51200000000051
	-6.856	84.84799999999984
	-6.848	99.05999999999949
	-6.84	95.78000000000065
	-6.832	85.8919999999996
	-6.824	92.05600000000038
	-6.816	89.94399999999973
	-6.808	82.82800000000009
	-6.8	77.85199999999998
	-6.792	76.03599999999983
	-6.784	86.75599999999997
	-6.776	84.01599999999985
	-6.768	80.18399999999974
	-6.76	81.56000000000131
	-6.752	83.3559999999992
	-6.744	83.95199999999977
	-6.736	72.50000000000023
	-6.728	96.51999999999975
	-6.72	78.28400000000079
	-6.712	96.30399999999975
	-6.704	80.24400000000048
	-6.696	93.27599999999995
	-6.688	84.78799999999887
	-6.68	84.48800000000074
	-6.672	73.46799999999985
	-6.664	83.05999999999983
	-6.656	86.01200000000028
	-6.648	83.21600000000001
	-6.64	97.75999999999999
	-6.632	83.82799999999963
	-6.624	83.6479999999998
	-6.616	88.19600000000037
	-6.608	103.7320000000001
	-6.6	93.07599999999991
	-6.592	88.94000000000017
	-6.584	104.3440000000004
	-6.576	95.65199999999948
	-6.568	85.79200000000026
	-6.56	91.87999999999977
	-6.552	95.23600000000056
	-6.544	89.01599999999894
	-6.536	82.3200000000005
	-6.528	96.67199999999991
	-6.52	84.43600000000026
	-6.512	92.29199999999969
	-6.504	87.13999999999987
	-6.496	88.22400000000061
	-6.488	91.43599999999981
	-6.48	90.72799999999972
	-6.472	72.68400000000008
	-6.464	80.68399999999986
	-6.456	74.57999999999947
	-6.448	73.37200000000121
	-6.44	83.55999999999904
	-6.432	75.96800000000064
	-6.424	85.27999999999975
	-6.416	78.1039999999997
	-6.408	78.90399999999988
	-6.4	70.1520000000005
	-6.392	88.18400000000065
	-6.384	98.53599999999904
	-6.376	71.64399999999989
	-6.368	88.55600000000027
	-6.36	103.0639999999997
	-6.352	89.19600000000037
	-6.344	82.81600000000003
	-6.336	81.55999999999938
	-6.328	66.38000000000034
	-6.32	68.03600000000029
	-6.312	85.74000000000012
	-6.304	84.99199999999939
	-6.296	83.16000000000054
	-6.288	82.57199999999989
	-6.28	80.89199999999948
	-6.272	70.2120000000009
	-6.264	76.6399999999993
	-6.256	90.02000000000044
	-6.248	86.97599999999977
	-6.24	76.13599999999974
	-6.232	85.99200000000019
	-6.224	90.2480000000005
	-6.216	91.82399999999939
	-6.208	88.18000000000109
	-6.2	100.0679999999986
	-6.192	85.97600000000068
	-6.184	98.23999999999933
	-6.176	86.09600000000034
	-6.168	89.52000000000021
	-6.16	91.08800000000019
	-6.152	88.97200000000021
	-6.144	78.09999999999957
	-6.136	80.45999999999992
	-6.128	86.34400000000028
	-6.12	90.24400000000014
	-6.112	89.71199999999942
	-6.104	68.36399999999981
	-6.096	68.00000000000068
	-6.088	88.46799999999951
	-6.08	76.5680000000001
	-6.072	92.93200000000013
	-6.064	86.02399999999989
	-6.056	87.33600000000069
	-6.048	97.69999999999959
	-6.04	84.06399999999974
	-6.032	89.75600000000043
	-6.024	79.25599999999952
	-6.016	83.17600000000039
	-6.008	89.29999999999973
	-6	83.76800000000037
	-5.992	98.39599999999996
	-5.984	91.79199999999969
	-5.976	95.03999999999996
	-5.968	83.68000000000029
	-5.96	91.11600000000021
	-5.952	103.604
	-5.944	91.03999999999928
	-5.936	95.2399999999999
	-5.928	81.18800000000033
	-5.92	87.01200000000051
	-5.912	84.92799999999932
	-5.904	87.7000000000005
	-5.896	105.1919999999999
	-5.888	90.43600000000049
	-5.88	94.35599999999943
	-5.872	90.06400000000031
	-5.864	87.99599999999964
	-5.856	86.26399999999956
	-5.848	94.4880000000021
	-5.84	97.75199999999859
	-5.832	86.95199999999988
	-5.824	86.21599999999944
	-5.816	80.28000000000122
	-5.808	104.5160000000012
	-5.8	99.64799999999832
	-5.792	99.14800000000037
	-5.784	83.62799999999845
	-5.776	74.84400000000085
	-5.768	94.51999999999998
	-5.76	87.38
	-5.752	79.6880000000001
	-5.744	88.60000000000105
	-5.736	106.8999999999984
	-5.728	83.51200000000074
	-5.72	82.979999999999
	-5.712	88.83200000000124
	-5.704	95.09599999999898
	-5.696	84.62800000000084
	-5.688	95.73600000000101
	-5.68	84.42799999999829
	-5.672	87.17599999999982
	-5.664	93.16399999999999
	-5.656	78.78400000000022
	-5.648	83.42400000000146
	-5.64	95.65999999999769
	-5.632	97.03200000000072
	-5.624	96.09599999999944
	-5.616	85.80000000000109
	-5.608	97.71200000000067
	-5.6	93.40399999999806
	-5.592	78.96400000000108
	-5.584	87.08800000000053
	-5.576	97.34799999999916
	-5.568	87.08800000000042
	-5.56	81.36000000000081
	-5.552	81.33199999999954
	-5.544	91.07999999999697
	-5.536	105.8440000000007
	-5.528	89.496000000001
	-5.52	90.10799999999949
	-5.512	94.00400000000036
	-5.504	77.6760000000013
	-5.496	79.21199999999976
	-5.488	90.56399999999758
	-5.48	94.67600000000107
	-5.472	89.53200000000152
	-5.464	75.85199999999759
	-5.456	104.9639999999999
	-5.448	100.2160000000017
	-5.44	89.98399999999879
	-5.432	77.62400000000048
	-5.424	86.40000000000214
	-5.416	66.74000000000001
	-5.408	70.05199999999877
	-5.4	83.44399999999791
	-5.392	89.98400000000152
	-5.384	93.97600000000057
	-5.376	80.74399999999878
	-5.368	73.68000000000234
	-5.36	84.26799999999707
	-5.352	99.27599999999848
	-5.344	110.0480000000036
	-5.336	85.41599999999858
	-5.328	84.98000000000138
	-5.32	77.1439999999991
	-5.312	82.50400000000036
	-5.304	88.52000000000089
	-5.296	74.93999999999915
	-5.288	87.73599999999919
	-5.28	89.96000000000095
	-5.272	92.61199999999826
	-5.264	93.86400000000049
	-5.256	83.94000000000051
	-5.248	82.22799999999938
	-5.24	87.73600000000101
	-5.232	82.08000000000015
	-5.224	91.86399999999799
	-5.216	98.22400000000289
	-5.208	81.70399999999836
	-5.2	88.56400000000008
	-5.192	93.71600000000035
	-5.184	87.23200000000088
	-5.176	71.49199999999973
	-5.168	79.06799999999885
	-5.16	83.25200000000109
	-5.152	71.00800000000163
	-5.144	78.80799999999886
	-5.136	88.12799999999925
	-5.128	83.05200000000059
	-5.12	88.90399999999931
	-5.112	81.96000000000163
	-5.104	82.73999999999819
	-5.096	79.23600000000101
	-5.088	79.36800000000017
	-5.08	74.47200000000066
	-5.072	80.75199999999745
	-5.064	92.96000000000095
	-5.056	84.84400000000073
	-5.048	77.04399999999828
	-5.04	84.20400000000268
	-5.032	75.96799999999848
	-5.024	78.50000000000045
	-5.016	76.75199999999973
	-5.008	78.77999999999997
	-5	84.1119999999994
	-4.992	78.39599999999973
	-4.984	84.94400000000223
	-4.976	56.86000000000035
	-4.968	61.97199999999975
	-4.96	76.51199999999722
	-4.952	89.45200000000091
	-4.944	89.54400000000123
	-4.936	66.34399999999982
	-4.928	67.59999999999945
	-4.92	72.95600000000013
	-4.912	78.40799999999922
	-4.904	97.68000000000029
	-4.896	81.25200000000154
	-4.888	85.75599999999804
	-4.88	76.82400000000166
	-4.872	75.52399999999989
	-4.864	81.52799999999957
	-4.856	68.79200000000037
	-4.848	79.67999999999893
	-4.84	85.95199999999977
	-4.832	72.93600000000129
	-4.824	71.52399999999989
	-4.816	83.30000000000018
	-4.808	78.66799999999785
	-4.8	77.36800000000289
	-4.792	62.38000000000056
	-4.784	70.08399999999665
	-4.776	84.90000000000077
	-4.768	77.50800000000095
	-4.76	72.96800000000007
	-4.752	73.36400000000071
	-4.744	75.77199999999971
	-4.736	68.43600000000038
	-4.728	64.52399999999852
	-4.72	80.31200000000126
	-4.712	74.01599999999939
	-4.704	74.15599999999904
	-4.696	73.32000000000016
	-4.688	77.65599999999995
	-4.68	81.66400000000203
	-4.672	66.03199999999856
	-4.664	79.61199999999985
	-4.656	84.05999999999995
	-4.648	73.90800000000104
	-4.64	70.38399999999888
	-4.632	74.59999999999968
	-4.624	90.04399999999896
	-4.616	74.92400000000225
	-4.608	65.53200000000015
	-4.6	80.9119999999989
	-4.592	65.46800000000121
	-4.584	76.08799999999815
	-4.576	79.79600000000096
	-4.568	71.84800000000064
	-4.56	80.41199999999822
	-4.552	72.35600000000227
	-4.544	74.64399999999932
	-4.536	74.81600000000003
	-4.528	77.20799999999781
	-4.52	84.35200000000236
	-4.512	76.67599999999857
	-4.504	86.9680000000003
	-4.496	71.16000000000031
	-4.488	77.59600000000023
	-4.48	66.52000000000203
	-4.472	69.86799999999744
	-4.464	71.61600000000044
	-4.456	80.27999999999952
	-4.448	75.90400000000068
	-4.44	72.66800000000057
	-4.432	77.28800000000001
	-4.424	73.35199999999804
	-4.416	84.59200000000101
	-4.408	86.36799999999903
	-4.4	79.6239999999998
	-4.392	77.65200000000232
	-4.384	74.34399999999778
	-4.376	73.32000000000221
	-4.368	74.40799999999831
	-4.36	74.6080000000004
	-4.352	70.91600000000221
	-4.344	70.49999999999591
	-4.336	88.43600000000242
	-4.328	68.62400000000093
	-4.32	77.47599999999784
	-4.312	81.43600000000129
	-4.304	73.31999999999857
	-4.296	81.68000000000097
	-4.288	83.7600000000009
	-4.28	71.17599999999993
	-4.272	72.61599999999953
	-4.264	62.86000000000035
	-4.256	81.56399999999917
	-4.248	78.45200000000136
	-4.24	61.93200000000047
	-4.232	71.13999999999874
	-4.224	77.02400000000102
	-4.216	64.62399999999957
	-4.208	67.57199999999966
	-4.2	72.66799999999921
	-4.192	68.33600000000138
	-4.184	68.12799999999902
	-4.176	67.55200000000036
	-4.168	71.94800000000009
	-4.16	69.95600000000059
	-4.152	59.8439999999996
	-4.144	79.31999999999971
	-4.136	70.58799999999997
	-4.128	71.36000000000058
	-4.12	65.87599999999907
	-4.112	81.20399999999995
	-4.104	64.78800000000069
	-4.096	59.64800000000173
	-4.088	64.30799999999704
	-4.08	68.92000000000235
	-4.072	58.19999999999914
	-4.064	64.02800000000093
	-4.056	62.33999999999969
	-4.048	59.83999999999901
	-4.04	66.06000000000017
	-4.032	67.18800000000033
	-4.024	64.37199999999939
	-4.016	63.48400000000083
	-4.008	64.78399999999942
	-4	68.95599999999968
	-3.992	76.02399999999989
	-3.984	62.48000000000093
	-3.976	69.47599999999966
	-3.968	66.02000000000089
	-3.96	57.03999999999928
	-3.952	55.03200000000083
	-3.944	49.83999999999878
	-3.936	72.29199999999878
	-3.928	69.2320000000027
	-3.92	58.00799999999867
	-3.912	69.548
	-3.904	61.32800000000134
	-3.896	57.73999999999842
	-3.888	67.77600000000029
	-3.88	58.20800000000099
	-3.872	64.00799999999822
	-3.864	64.88000000000147
	-3.856	63.01999999999907
	-3.848	63.36399999999958
	-3.84	68.07600000000139
	-3.832	51.88399999999933
	-3.824	67.3280000000002
	-3.816	67.05600000000004
	-3.808	63.9359999999981
	-3.8	69.33600000000251
	-3.792	63.45600000000013
	-3.784	62.95599999999877
	-3.776	59.59200000000078
	-3.768	57.69999999999959
	-3.76	61.78000000000065
	-3.752	54.58799999999951
	-3.744	71.61199999999872
	-3.736	58.6080000000029
	-3.728	49.02399999999921
	-3.72	54.64799999999877
	-3.712	70.79200000000037
	-3.704	63.79599999999914
	-3.696	56.04000000000246
	-3.688	56.26399999999808
	-3.68	70.30399999999895
	-3.672	63.50400000000195
	-3.664	66.48400000000038
	-3.656	45.67200000000093
	-3.648	46.57599999999911
	-3.64	65.57599999999866
	-3.632	53.75600000000077
	-3.624	57.66799999999989
	-3.616	59.66799999999944
	-3.608	64.01199999999972
	-3.6	58.34400000000164
	-3.592	50.09199999999896
	-3.584	53.9120000000014
	-3.576	42.89999999999964
	-3.568	44.25199999999995
	-3.56	54.27999999999975
	-3.552	51.47200000000021
	-3.544	49.71199999999931
	-3.536	57.54399999999919
	-3.528	58.89200000000301
	-3.52	39.45599999999899
	-3.512	42.47199999999975
	-3.504	58.1919999999991
	-3.496	52.34400000000051
	-3.488	56.92399999999952
	-3.48	49.34000000000015
	-3.472	52.06000000000063
	-3.464	38.31600000000094
	-3.456	54.73199999999883
	-3.448	50.07200000000103
	-3.44	44.68799999999896
	-3.432	49.98400000000061
	-3.424	44.22800000000007
	-3.416	51.54399999999896
	-3.408	59.03600000000006
	-3.4	58.33999999999992
	-3.392	53.39600000000064
	-3.384	49.26800000000003
	-3.376	44.46000000000095
	-3.368	48.66799999999853
	-3.36	50.26400000000035
	-3.352	59.09600000000091
	-3.344	42.20399999999904
	-3.336	40.24000000000092
	-3.328	47.6119999999994
	-3.32	44.17599999999993
	-3.312	49.52000000000044
	-3.304	45.55599999999822
	-3.296	63.37200000000144
	-3.288	47.33200000000124
	-3.28	37.58399999999801
	-3.272	48.40400000000045
	-3.264	45.52800000000002
	-3.256	41.74000000000137
	-3.248	45.33599999999865
	-3.24	48.46000000000026
	-3.232	48.85200000000009
	-3.224	43.07200000000034
	-3.216	43.92399999999975
	-3.208	46.67599999999902
	-3.2	52.95999999999958
	-3.192	49.91600000000108
	-3.184	54.08399999999892
	-3.176	50.25200000000041
	-3.168	51.02800000000025
	-3.16	42.09600000000091
	-3.152	49.07600000000025
	-3.144	44.46399999999903
	-3.136	43.47200000000066
	-3.128	46.52000000000021
	-3.12	51.65199999999868
	-3.112	59.47199999999975
	-3.104	45.92400000000202
	-3.096	49.77199999999675
	-3.088	70.26400000000035
	-3.08	59.12400000000116
	-3.072	54.43600000000015
	-3.064	51.63200000000006
	-3.056	47.18400000000088
	-3.048	51.04799999999864
	-3.04	58.50800000000027
	-3.032	50.1759999999997
	-3.024	57.93599999999992
	-3.016	53.27600000000143
	-3.008	55.50799999999867
	-3	58.34800000000064
	-2.992	54.37599999999998
	-2.984	53.11200000000031
	-2.976	43.49600000000009
	-2.968	47.33999999999901
	-2.96	63.60399999999936
	-2.952	61.89200000000005
	-2.944	56.8200000000013
	-2.936	62.37999999999943
	-2.928	51.40000000000077
	-2.92	53.5920000000001
	-2.912	53.20399999999881
	-2.904	53.86400000000026
	-2.896	58.68399999999997
	-2.888	60.69600000000105
	-2.88	48.97599999999852
	-2.872	55.85600000000113
	-2.864	71.9799999999982
	-2.856	62.24800000000118
	-2.848	58.13999999999896
	-2.84	70.20000000000118
	-2.832	63.88399999999774
	-2.824	75.74000000000206
	-2.816	64.85199999999872
	-2.808	72.01200000000085
	-2.8	62.4120000000014
	-2.792	59.77599999999825
	-2.784	71.11199999999963
	-2.776	57.76000000000113
	-2.768	60.88799999999878
	-2.76	69.5799999999997
	-2.752	78.89600000000087
	-2.744	80.6359999999986
	-2.736	69.78800000000251
	-2.728	83.1959999999965
	-2.72	74.82400000000234
	-2.712	71.6159999999993
	-2.704	80.95999999999867
	-2.696	80.5560000000014
	-2.688	83.83599999999797
	-2.68	90.78400000000079
	-2.672	97.42399999999952
	-2.664	99.47999999999956
	-2.656	106.6799999999994
	-2.648	96.82399999999961
	-2.64	108.3320000000003
	-2.632	104.7640000000013
	-2.624	109.0759999999989
	-2.616	111.9159999999983
	-2.608	119.424
	-2.6	127.7279999999976
	-2.592	150.4839999999986
	-2.584	147.9240000000023
	-2.576	145.6479999999992
	-2.568	150.1560000000006
	-2.56	157.967999999998
	-2.552	173.0359999999994
	-2.544	168.9799999999996
	-2.536	178.5439999999985
	-2.528	191.7039999999995
	-2.52	186.6280000000002
	-2.512	212.6279999999986
	-2.504	219.0479999999998
	-2.496	238.6079999999972
	-2.488	251.3880000000031
	-2.48	239.3439999999975
	-2.472	263.1559999999963
	-2.464	264.6400000000026
	-2.456	260.796000000001
	-2.448	264.4919999999968
	-2.44	293.9039999999991
	-2.432	323.7639999999965
	-2.424	335.2720000000029
	-2.416	315.4159999999974
	-2.408	327.8879999999983
	-2.4	380.555999999998
	-2.392	387.0079999999964
	-2.384	429.3199999999999
	-2.376	428.1959999999997
	-2.368	442.0599999999979
	-2.36	484.6919999999961
	-2.352	489.0240000000024
	-2.344	477.9239999999986
	-2.336	520.6999999999969
	-2.328	523.232
	-2.32	550.8239999999951
	-2.312	602.6079999999968
	-2.304	602.2040000000018
	-2.296	622.4840000000013
	-2.288	619.7159999999922
	-2.28	688.4519999999948
	-2.272	770.4559999999994
	-2.264	744.2519999999965
	-2.256	786.0640000000008
	-2.248	784.6799999999978
	-2.24	828.6559999999943
	-2.232	895.0079999999973
	-2.224	909.9239999999932
	-2.216	1012.387999999994
	-2.208	1094.279999999999
	-2.2	1073.196000000001
	-2.192	1101.575999999988
	-2.184	1231.679999999999
	-2.176	1166.120000000004
	-2.168	1209.455999999988
	-2.16	1330.595999999998
	-2.152	1342.875999999992
	-2.144	1409.355999999998
	-2.136	1459.091999999996
	-2.128	1488.944000000003
	-2.12	1510.563999999997
	-2.112	1539.799999999994
	-2.104	1517.324000000006
	-2.096	1515.195999999995
	-2.088	1567.647999999997
	-2.08	1576.624000000008
	-2.072	1507.020000000003
	-2.064	1485.023999999994
	-2.056	1529.680000000003
	-2.048	1500.916000000002
	-2.04	1482.027999999998
	-2.032	1482.448000000014
	-2.024	1404.187999999996
	-2.016	1443.696
	-2.008	1357.552000000004
	-2	1345.716000000007
	-1.992	1273.736000000004
	-1.984	1262.404000000006
	-1.976	1170.744000000002
	-1.968	1188.699999999988
	-1.96	1268.352000000001
	-1.952	1256.616000000001
	-1.944	1187.000000000002
	-1.936	1198.336000000004
	-1.928	1227.767999999984
	-1.92	1336.892000000001
	-1.912	1365.947999999993
	-1.904	1454.027999999993
	-1.896	1452.244
	-1.888	1587.715999999986
	-1.88	1724.055999999998
	-1.872	1757.303999999986
	-1.864	1903.652
	-1.856	1965.66799999998
	-1.848	2121.459999999995
	-1.84	2229.283999999994
	-1.832	2294.271999999986
	-1.824	2415.819999999993
	-1.816	2578.647999999992
	-1.808	2677.519999999991
	-1.8	2777.963999999987
	-1.792	2882.023999999989
	-1.784	2949.696000000003
	-1.776	3018.987999999983
	-1.768	3281.359999999986
	-1.76	3318.55200000001
	-1.752	3207.699999999999
	-1.744	3124.480000000012
	-1.736	3223.135999999983
	-1.728	3226.396000000019
	-1.72	2991.324000000003
	-1.712	3025.131999999999
	-1.704	2963.580000000014
	-1.696	2758.192000000026
	-1.688	2443.116000000015
	-1.68	2299.184000000015
	-1.672	2149.888000000016
	-1.664	1888.932000000022
	-1.656	1718.688000000008
	-1.648	1580.372000000011
	-1.64	1464.156000000009
	-1.632	1290.776000000022
	-1.624	1155.459999999999
	-1.616	1122.616000000005
	-1.608	1058.344000000009
	-1.6	981.5080000000089
	-1.592	889.3119999999992
	-1.584	881.9760000000017
	-1.576	827.2080000000062
	-1.568	835.9640000000029
	-1.56	764.4680000000017
	-1.552	786.3559999999991
	-1.544	736.4520000000045
	-1.536	679.4400000000073
	-1.528	667.8999999999999
	-1.52	624.2800000000004
	-1.512	626.9160000000002
	-1.504	599.2280000000057
	-1.496	541.6280000000029
	-1.488	530.2879999999989
	-1.48	528.6440000000014
	-1.472	491.3360000000082
	-1.464	426.1480000000001
	-1.456	457.2439999999972
	-1.448	436.2800000000016
	-1.44	428.996000000006
	-1.432	374.2760000000014
	-1.424	315.5120000000038
	-1.416	322.8599999999985
	-1.408	311.5720000000024
	-1.4	296.2480000000037
	-1.392	254.4319999999989
	-1.384	237.3160000000046
	-1.376	214.5640000000005
	-1.368	202.376
	-1.36	197.1320000000014
	-1.352	176.1360000000027
	-1.344	141.8720000000003
	-1.336	166.7840000000008
	-1.328	136.4880000000001
	-1.32	136.4200000000021
	-1.312	104.9720000000007
	-1.304	101.8360000000021
	-1.296	96.24799999999914
	-1.288	99.75599999999986
	-1.28	88.14800000000082
	-1.272	81.80799999999954
	-1.264	87.48800000000142
	-1.256	87.60799999999995
	-1.248	81.43600000000083
	-1.24	76.45600000000081
	-1.232	60.5679999999993
	-1.224	66.30000000000086
	-1.216	53.05600000000072
	-1.208	47.90399999999909
	-1.2	54.804000000001
	-1.192	55.17199999999934
	-1.184	62.56399999999917
	-1.176	59.17600000000107
	-1.168	58.32399999999961
	-1.16	55.65200000000004
	-1.152	46.2120000000009
	-1.144	50.55999999999949
	-1.136	54.71999999999957
	-1.128	55.29600000000073
	-1.12	47.42399999999952
	-1.112	53.12800000000152
	-1.104	38.81599999999889
	-1.096	41.62400000000139
	-1.088	41.50399999999877
	-1.08	49.14400000000091
	-1.072	39.34000000000083
	-1.064	31.13999999999942
	-1.056	36.55599999999959
	-1.048	41.60400000000027
	-1.04	36.73600000000033
	-1.032	33.10399999999936
	-1.024	43.43600000000038
	-1.016	35.46799999999848
	-1.008	47.23200000000134
	-1	42.04800000000046
	-0.991999999999999	32.32800000000043
	-0.984	27.01600000000008
	-0.975999999999999	32.57199999999898
	-0.968	34.84800000000132
	-0.959999999999999	24.61199999999985
	-0.952	26.08799999999906
	-0.943999999999999	35.77599999999984
	-0.936	33.91600000000085
	-0.927999999999999	28.82399999999916
	-0.92	33.85599999999977
	-0.911999999999999	42.00800000000027
	-0.904	25.97200000000089
	-0.895999999999999	29.59999999999923
	-0.888	37.48800000000006
	-0.879999999999999	25.97200000000089
	-0.872	25.18399999999929
	-0.863999999999999	26.03200000000038
	-0.856	26.01999999999975
	-0.847999999999999	29.79200000000037
	-0.84	33.95599999999945
	-0.831999999999999	28.52400000000102
	-0.824	37.80799999999886
	-0.815999999999999	28.19600000000105
	-0.808	25.84399999999937
	-0.799999999999999	27.95599999999945
	-0.792	34.03600000000029
	-0.783999999999999	29.02000000000044
	-0.776	26.61999999999966
	-0.767999999999999	31.16000000000031
	-0.76	25.95199999999954
	-0.752000000000001	30.92000000000121
	-0.744	19.09999999999968
	-0.736000000000001	32.36399999999821
	-0.728	37.42000000000075
	-0.720000000000001	25.16000000000099
	-0.712	26.6159999999993
	-0.704000000000001	27.6840000000002
	-0.696	34.18399999999997
	-0.688000000000001	30.16399999999953
	-0.68	30.77200000000039
	-0.672000000000001	32.904
	-0.664	31.38399999999956
	-0.656000000000001	45.06399999999962
	-0.648	34.28400000000033
	-0.640000000000001	38.63999999999965
	-0.632	43.98799999999983
	-0.624000000000001	37.14400000000046
	-0.616	39.85199999999986
	-0.608000000000001	40.67199999999934
	-0.6	36.77200000000107
	-0.592000000000001	48.04799999999773
	-0.584	58.29200000000105
	-0.576000000000001	46.29599999999959
	-0.568	50.94400000000019
	-0.56	56.71600000000035
	-0.552	51.87599999999998
	-0.544	46.02399999999966
	-0.536	51.73999999999864
	-0.528	59.44400000000041
	-0.52	64.30400000000077
	-0.512	48.37599999999929
	-0.504	60.551999999999
	-0.496	69.15600000000109
	-0.488	55.23199999999883
	-0.48	73.85200000000032
	-0.472	70.29199999999992
	-0.464	67.24800000000005
	-0.456	87.29199999999855
	-0.448	86.14000000000146
	-0.44	76.6719999999998
	-0.432	75.37999999999852
	-0.423999999999999	98.02799999999797
	-0.416	112.9279999999999
	-0.407999999999999	100.936000000002
	-0.4	108.7199999999984
	-0.391999999999999	120.4239999999995
	-0.384	115.2079999999971
	-0.375999999999999	122.8920000000039
	-0.368	105.1040000000007
	-0.359999999999999	125.4319999999959
	-0.352	125.6559999999999
	-0.343999999999999	127.5160000000033
	-0.336	126.8359999999968
	-0.327999999999999	137.6960000000004
	-0.32	124.2400000000025
	-0.311999999999999	119.0639999999971
	-0.304	140.4360000000008
	-0.295999999999999	151.8720000000001
	-0.288	117.2960000000014
	-0.279999999999999	127.8759999999975
	-0.272	131.0760000000016
	-0.263999999999999	132.7599999999973
	-0.256	147.9480000000005
	-0.247999999999999	160.2639999999972
	-0.24	188.2879999999996
	-0.231999999999999	209.2799999999993
	-0.224	229.2559999999951
	-0.215999999999999	267.7400000000007
	-0.208	311.1239999999912
	-0.199999999999999	391.0479999999891
	-0.192	483.9799999999971
	-0.183999999999999	520.9639999999977
	-0.176	602.5679999999929
	-0.167999999999999	625.2519999999961
	-0.16	669.9760000000035
	-0.151999999999999	632.5320000000002
	-0.144	642.7480000000019
	-0.135999999999999	588.2960000000021
	-0.128	571.312000000004
	-0.119999999999999	531.148000000004
	-0.112	448.7880000000041
	-0.103999999999999	419.1560000000077
	-0.0960000000000001	355.4280000000017
	-0.0879999999999992	321.4680000000021
	-0.0800000000000001	268.2720000000049
	-0.0719999999999992	247.1799999999989
	-0.0640000000000001	268.1360000000011
	-0.0559999999999992	237.3960000000011
	-0.048	252.1319999999976
	-0.0399999999999991	260.3479999999977
	-0.032	297.3639999999991
	-0.0239999999999991	298.9079999999988
	-0.016	324.3759999999979
	-0.00799999999999912	345.9559999999965
	0	380.2880000000034
	0.0080000000000009	343.0519999999997
	0.016	308.4960000000056
	0.0240000000000009	280.8360000000007
	0.032	257.8600000000042
	0.0400000000000009	188.4480000000024
	0.048	187.4520000000023
	0.0560000000000009	140.1720000000028
	0.0640000000000001	127.3440000000019
	0.072000000000001	102.7640000000015
	0.0800000000000001	74.56800000000158
	0.088000000000001	62.2760000000028
	0.0960000000000001	48.54399999999782
	0.104000000000001	62.72800000000097
	0.112	47.79600000000096
	0.120000000000001	37.92400000000202
	0.128	24.84400000000005
	0.136000000000001	22.19199999999978
	0.144	20.35599999999977
	0.152000000000001	27.56400000000008
	0.16	15.44800000000055
	0.168000000000001	22.97199999999975
	0.176	16.22400000000016
	0.184000000000001	20.17999999999938
	0.192	23.10400000000141
	0.200000000000001	8.584000000000287
	0.208	10.80799999999931
	0.216000000000001	16.72800000000029
	0.224	12.17200000000003
	0.232000000000001	17.35999999999967
	0.24	16.12400000000048
	0.248000000000001	8.091999999999643
	0.256	10.64400000000001
	0.263999999999999	16.49199999999973
	0.272	15.09599999999955
	0.279999999999999	17.03600000000097
	0.288	10.25599999999986
	0.295999999999999	13.94800000000032
	0.304	4.636000000000195
	0.311999999999999	10.10399999999913
	0.32	14.14800000000082
	0.327999999999999	8.787999999999784
	0.336	13.16000000000031
	0.343999999999999	7.411999999999125
	0.352	12.95200000000091
	0.359999999999999	7.179999999999836
	0.368	8.171999999999571
	0.375999999999999	11.39200000000028
	0.384	10.32799999999975
	0.391999999999999	10.86000000000035
	0.4	7.227999999999611
	0.407999999999999	10.65600000000018
	0.416	7.388000000000375
	0.423999999999999	4.583999999999833
	0.432	10.70399999999995
	0.44	8.491999999999962
	0.448	8.615999999999758
	0.456	14.62799999999993
	0.464	7.824000000000524
	0.472	7.507999999999356
	0.48	8.104000000000724
	0.488	11.0679999999993
	0.496	10.46400000000062
	0.504	5.888000000000147
	0.512	6.843999999999369
	0.52	11.98800000000028
	0.528	6.384000000000015
	0.536	7.016000000000076
	0.544	7.291999999999916
	0.552	11.20399999999972
	0.56	7.352000000000089
	0.568	10.36799999999994
	0.576000000000001	9.4800000000007
	0.584	3.712000000000216
	0.592000000000001	3.275999999999385
	0.6	8.631999999999834
	0.608000000000001	6.208000000000311
	0.616	5.896000000000186
	0.624000000000001	11.59199999999919
	0.632	12.54400000000032
	0.640000000000001	7.144000000000233
	0.648	8.375999999999976
	0.656000000000001	8.403999999999542
	0.664	7.324000000000524
	0.672000000000001	8.847999999999956
	0.68	8.456000000000358
	0.688000000000001	3.631999999999607
	0.696	7.135999999999967
	0.704000000000001	9.332000000000107
	0.712	5.960000000000036
	0.720000000000001	4.307999999999993
	0.728	8.023999999999887
	0.736000000000001	4.716000000000349
	0.744	4.915999999999713
	0.752000000000001	9.82799999999952
	0.76	10.90400000000022
	0.768000000000001	6.416000000000167
	0.776	9.884000000000015
	0.784000000000001	6.863999999999578
	0.792	11.86400000000003
	0.800000000000001	11.1719999999998
	0.808	10.03200000000038
	0.816000000000001	7.792000000000371
	0.824	11.13600000000019
	0.832000000000001	3.591999999999871
	0.84	5.459999999999809
	0.848000000000001	7.867999999999938
	0.856	7.884000000000015
	0.864000000000001	6.436000000000149
	0.872	6.923999999999751
	0.880000000000001	7.072000000000116
	0.888	10.00800000000027
	0.896000000000001	3.803999999999405
	0.904	14.93599999999992
	0.912000000000001	8.663999999999987
	0.92	11.92400000000043
	0.928000000000001	7.271999999999935
	0.936	7.344000000000278
	0.944000000000001	8.119999999999891
	0.952	7.720000000000255
	0.960000000000001	4.767999999999802
	0.968	6.511999999999944
	0.976000000000001	6.056000000000267
	0.984	3.715999999999894
	0.992000000000001	1.564000000000078
	1	3.564000000000078
	1.008	4.236000000000104
	1.016	3.403999999999769
	1.024	3.860000000000127
	1.032	4.363999999999578
	1.04	7.97600000000034
	1.048	3.627999999999929
	1.056	8.655999999999722
	1.064	7.531999999999925
	1.072	5.348000000000638
	1.08	1.679999999999609
	1.088	6.372000000000071
	1.096	6.375999999999976
	1.104	5.043999999999869
	1.112	6.16399999999976
	1.12	9.963999999999942
	1.128	6.944000000000415
	1.136	4.739999999999554
	1.144	7.212000000000444
	1.152	3.372000000000298
	1.16	3.647999999999683
	1.168	5.716000000000122
	1.176	5.204000000000178
	1.184	6.231999999999516
	1.192	6.684000000000424
	1.2	7.075999999999112
	1.208	8.444000000000415
	1.216	5.452000000000453
	1.224	3.975999999999885
	1.232	5.876000000000204
	1.24	5.815999999999576
	1.248	5.928000000000111
	1.256	6.743999999999687
	1.264	5.224000000000615
	1.272	1.191999999999553
	1.28	10.87599999999975
	1.288	4.720000000000482
	1.296	3.784000000000106
	1.304	2.663999999999987
	1.312	6.047999999999774
	1.32	7.403999999999542
	1.328	5.932000000000471
	1.336	4.652000000000044
	1.344	5.776000000000067
	1.352	3.991999999999734
	1.36	10.3720000000003
	1.368	4.183999999999742
	1.376	5.540000000000191
	1.384	2.539999999999964
	1.392	4.512000000000171
	1.4	2.979999999999791
	1.408	5.588000000000193
	1.416	3.227999999999838
	1.424	2.468000000000075
	1.432	8.003999999999905
	1.44	6.796000000000276
	1.448	2.948000000000093
	1.456	4.975999999999431
	1.464	6.94800000000032
	1.472	2.707999999999856
	1.48	5.220000000000027
	1.488	6.716000000000122
	1.496	5.591999999999871
	1.504	1.296000000000049
	1.512	6.548000000000002
	1.52	3.172000000000253
	1.528	3.831999999999425
	1.536	8.520000000000209
	1.544	3.860000000000127
	1.552	5.475999999999885
	1.56	6.256000000000313
	1.568	4.463999999999942
	1.576	2.931999999999789
	1.584	2.488000000000284
	1.592	4.547999999999547
	1.6	6.256000000000313
	1.608	6.187999999999647
	1.616	7.912000000000262
	1.624	6.975999999999885
	1.632	4.352000000000089
	1.64	4.032000000000153
	1.648	3.104000000000042
	1.656	6.475999999999885
	1.664	2.176000000000386
	1.672	3.691999999999098
	1.68	5.748000000000502
	1.688	3.863999999999805
	1.696	8.980000000000018
	1.704	4.744000000000142
	1.712	6.079999999999927
	1.72	6.792000000000144
	1.728	3.368000000000166
	1.736	3.735999999999649
	1.744	6.704000000000178
	1.752	5.180000000000064
	1.76	3.071999999999662
	1.768	5.196000000000367
	1.776	2.167999999999893
	1.784	4.507999999999811
	1.792	3.712000000000444
	1.8	3.159999999999854
	1.808	4.58400000000006
	1.816	4.863999999999351
	1.824	6.048000000000684
	1.832	3.52399999999966
	1.84	5.256000000000313
	1.848	4.683999999999969
	1.856	2.11200000000008
	1.864	1.735999999999876
	1.872	2.480000000000018
	1.88	4.124000000000251
	1.888	2.819999999999709
	1.896	6.087999999999965
	1.904	3.05600000000004
	1.912	3.040000000000191
