sum_T25_0p29_0		
	-14.088	1.876000000000005
	-14.08	1
	-14.072	1
	-14.064	1
	-14.056	2.159999999999997
	-14.048	1.840000000000003
	-14.04	1
	-14.032	1
	-14.024	1.123999999999995
	-14.016	3.936
	-14.008	2.100000000000001
	-14	2
	-13.992	2.936
	-13.984	1.904000000000003
	-13.976	1.283999999999992
	-13.968	5.812000000000005
	-13.96	1.904000000000003
	-13.952	1
	-13.944	1
	-13.936	1
	-13.928	1
	-13.92	1
	-13.912	5.808
	-13.904	2.251999999999995
	-13.896	2.064
	-13.888	2.052000000000007
	-13.88	2.823999999999998
	-13.872	1.283999999999992
	-13.864	4.652000000000008
	-13.856	3.187999999999995
	-13.848	1.876000000000005
	-13.84	3.568000000000001
	-13.832	2.431999999999999
	-13.824	1
	-13.816	1
	-13.808	3.727999999999998
	-13.8	5.304000000000002
	-13.792	2.968
	-13.784	1
	-13.776	2.371999999999986
	-13.768	3.948000000000008
	-13.76	3.616000000000007
	-13.752	1.811999999999998
	-13.744	2.944000000000003
	-13.736	4.111999999999993
	-13.728	2.192000000000007
	-13.72	5.40399999999999
	-13.712	3.820000000000007
	-13.704	1.271999999999998
	-13.696	4.411999999999999
	-13.688	0.5239999999999938
	-13.68	2.512000000000008
	-13.672	3.059999999999995
	-13.664	3.000000000000009
	-13.656	2.176000000000002
	-13.648	3.131999999999998
	-13.64	2.455999999999994
	-13.632	3.055999999999999
	-13.624	3.271999999999997
	-13.616	3.872000000000007
	-13.608	3.971999999999994
	-13.6	3.284000000000006
	-13.592	1.279999999999994
	-13.584	3.600000000000012
	-13.576	4.927999999999987
	-13.568	1.832000000000004
	-13.56	2.403999999999993
	-13.552	2.844000000000005
	-13.544	2.60799999999999
	-13.536	2.664000000000005
	-13.528	2.264000000000003
	-13.52	1.667999999999992
	-13.512	5.844000000000015
	-13.504	1.603999999999992
	-13.496	4.255999999999997
	-13.488	3.128000000000007
	-13.48	1.199999999999989
	-13.472	0.8760000000000048
	-13.464	0.1239999999999952
	-13.456	3.092000000000006
	-13.448	4.639999999999993
	-13.44	1.603999999999999
	-13.432	3.600000000000009
	-13.424	3.216000000000008
	-13.416	7.47199999999998
	-13.408	3.192000000000007
	-13.4	3.808
	-13.392	5.336000000000006
	-13.384	3.607999999999997
	-13.376	6.164000000000001
	-13.368	2.563999999999979
	-13.36	5.696000000000005
	-13.352	3.088000000000015
	-13.344	2.772000000000013
	-13.336	2.959999999999994
	-13.328	0.1479999999999961
	-13.32	2.295999999999999
	-13.312	3.619999999999997
	-13.304	3.127999999999993
	-13.296	4.544000000000004
	-13.288	3.039999999999999
	-13.28	2.616000000000007
	-13.272	4.995999999999988
	-13.264	4.580000000000005
	-13.256	2.656000000000006
	-13.248	3.740000000000002
	-13.24	2.972000000000001
	-13.232	1.851999999999975
	-13.224	1.724000000000018
	-13.216	1.611999999999995
	-13.208	1.904000000000011
	-13.2	3.671999999999997
	-13.192	5.080000000000041
	-13.184	4.871999999999971
	-13.176	5.172000000000011
	-13.168	1.015999999999977
	-13.16	1.796000000000006
	-13.152	2.027999999999977
	-13.144	4.69200000000005
	-13.136	5.103999999999971
	-13.128	2.663999999999987
	-13.12	3.67200000000004
	-13.112	2.271999999999949
	-13.104	2.77200000000002
	-13.096	2.907999999999987
	-13.088	1.075999999999993
	-13.08	2.764000000000024
	-13.072	2.075999999999979
	-13.064	4.06400000000005
	-13.056	3.059999999999945
	-13.048	2.632000000000033
	-13.04	4.935999999999993
	-13.032	3.987999999999985
	-13.024	3.904000000000025
	-13.016	1.999999999999972
	-13.008	4.896000000000058
	-13	3.447999999999965
	-12.992	2.131999999999977
	-12.984	6.480000000000061
	-12.976	5.395999999999944
	-12.968	1.867999999999995
	-12.96	5.100000000000023
	-12.952	4.240000000000023
	-12.944	4.603999999999957
	-12.936	2.684000000000012
	-12.928	1.99199999999999
	-12.92	2.228000000000009
	-12.912	5.58799999999998
	-12.904	7.476000000000028
	-12.896	2.200000000000003
	-12.888	6.259999999999991
	-12.88	2.539999999999992
	-12.872	3.164000000000001
	-12.864	5.10799999999999
	-12.856	4.456000000000017
	-12.848	2.679999999999978
	-12.84	6.476000000000028
	-12.832	3.156000000000034
	-12.824	6.495999999999952
	-12.816	2.867999999999995
	-12.808	2.304000000000002
	-12.8	8.255999999999986
	-12.792	5.700000000000031
	-12.784	3.640000000000001
	-12.776	3.888000000000005
	-12.768	3.267999999999986
	-12.76	1.74799999999999
	-12.752	2.760000000000005
	-12.744	7.504000000000048
	-12.736	6.171999999999954
	-12.728	0.8160000000000025
	-12.72	1.74799999999999
	-12.712	1.695999999999998
	-12.704	4.304000000000002
	-12.696	2.312000000000012
	-12.688	5.096000000000032
	-12.68	6.875999999999948
	-12.672	1.948000000000008
	-12.664	2.204000000000008
	-12.656	0.7239999999999895
	-12.648	2.756
	-12.64	5.683999999999997
	-12.632	5.620000000000005
	-12.624	4.603999999999985
	-12.616	1.963999999999999
	-12.608	5.464000000000027
	-12.6	6.895999999999987
	-12.592	5.328000000000003
	-12.584	1.960000000000008
	-12.576	2.343999999999994
	-12.568	1.295999999999992
	-12.56	1.548000000000002
	-12.552	1.912000000000006
	-12.544	3.480000000000018
	-12.536	5.967999999999961
	-12.528	2.04800000000003
	-12.52	3.139999999999986
	-12.512	2.895999999999987
	-12.504	5.144000000000034
	-12.496	3.69599999999997
	-12.488	5.408000000000015
	-12.48	2.907999999999987
	-12.472	2.659999999999997
	-12.464	3.888000000000005
	-12.456	3.944000000000017
	-12.448	5.344000000000023
	-12.44	5.291999999999945
	-12.432	4.632000000000005
	-12.424	1.092000000000013
	-12.416	1
	-12.408	1.347999999999985
	-12.4	5.28400000000002
	-12.392	1.400000000000006
	-12.384	5.075999999999993
	-12.376	5.752000000000038
	-12.368	5.647999999999968
	-12.36	4.056000000000012
	-12.352	5.067999999999984
	-12.344	3.792000000000002
	-12.336	1.163999999999987
	-12.328	4.496000000000009
	-12.32	4.063999999999993
	-12.312	1.696000000000026
	-12.304	5.731999999999971
	-12.296	5.664000000000016
	-12.288	2.440000000000026
	-12.28	4.44399999999996
	-12.272	4.007999999999981
	-12.264	3.164000000000016
	-12.256	2.111999999999995
	-12.248	3.288000000000011
	-12.24	4.195999999999998
	-12.232	2.116000000000014
	-12.224	3.232000000000028
	-12.216	3.631999999999948
	-12.208	4.50800000000001
	-12.2	0.7960000000000207
	-12.192	2.768000000000001
	-12.184	2.47999999999999
	-12.176	1.323999999999984
	-12.168	1.780000000000001
	-12.16	2.468000000000018
	-12.152	2.135999999999996
	-12.144	4.812000000000012
	-12.136	2.515999999999991
	-12.128	4.355999999999995
	-12.12	6.108000000000004
	-12.112	2.872000000000014
	-12.104	4.267999999999972
	-12.096	4.548000000000002
	-12.088	3.608000000000004
	-12.08	2.372000000000014
	-12.072	4.347999999999985
	-12.064	1.304000000000002
	-12.056	3.283999999999992
	-12.048	3.348000000000013
	-12.04	3.77600000000001
	-12.032	3.032000000000011
	-12.024	1.552000000000049
	-12.016	4.023999999999972
	-12.008	2.163999999999959
	-12	0.8760000000000332
	-11.992	2.635999999999996
	-11.984	0.7599999999999625
	-11.976	0.988000000000028
	-11.968	4.076000000000022
	-11.96	3.747999999999962
	-11.952	3.475999999999999
	-11.944	5.12400000000008
	-11.936	5.175999999999959
	-11.928	1.839999999999975
	-11.92	1.336000000000041
	-11.912	4.527999999999992
	-11.904	6.668000000000006
	-11.896	2.992000000000104
	-11.888	4.8599999999999
	-11.88	2.864000000000004
	-11.872	3.97199999999998
	-11.864	2.900000000000006
	-11.856	1.756
	-11.848	2.512000000000086
	-11.84	2.695999999999913
	-11.832	1.391999999999996
	-11.824	2.340000000000032
	-11.816	3.416000000000054
	-11.808	3.571999999999917
	-11.8	1.496000000000009
	-11.792	2.588000000000022
	-11.784	7.876000000000062
	-11.776	5.571999999999917
	-11.768	6.77200000000002
	-11.76	6.524000000000058
	-11.752	2.335999999999927
	-11.744	4.947999999999979
	-11.736	6.968000000000131
	-11.728	4.199999999999903
	-11.72	3.875999999999976
	-11.712	2.328000000000031
	-11.704	5.208000000000141
	-11.696	2.40399999999994
	-11.688	4.30800000000005
	-11.68	5.759999999999934
	-11.672	5.844000000000108
	-11.664	0.8839999999999577
	-11.656	3.3479999999999
	-11.648	4.87600000000009
	-11.64	4.103999999999871
	-11.632	4.852000000000203
	-11.624	4.055999999999869
	-11.616	6.591999999999928
	-11.608	8.80400000000003
	-11.6	3.632000000000119
	-11.592	1.092000000000041
	-11.584	5.103999999999928
	-11.576	5.468000000000018
	-11.568	4.843999999999937
	-11.56	4.896000000000015
	-11.552	3.608000000000061
	-11.544	4.115999999999985
	-11.536	0.7880000000000678
	-11.528	1.807999999999936
	-11.52	3.16399999999993
	-11.512	6.035999999999945
	-11.504	5.312000000000126
	-11.496	3.512
	-11.488	1.948000000000036
	-11.48	3.827999999999918
	-11.472	5.756000000000029
	-11.464	2.879999999999995
	-11.456	3.071999999999946
	-11.448	6.928000000000054
	-11.44	3.351999999999975
	-11.432	5.648000000000025
	-11.424	3.543999999999983
	-11.416	3.420000000000073
	-11.408	2.463999999999999
	-11.4	4.991999999999905
	-11.392	3.08400000000006
	-11.384	3.891999999999939
	-11.376	4.692000000000064
	-11.368	2.731999999999971
	-11.36	4.644000000000005
	-11.352	6.555999999999983
	-11.344	2.548000000000059
	-11.336	3.74799999999999
	-11.328	5.947999999999865
	-11.32	3.272000000000162
	-11.312	1.031999999999982
	-11.304	3.283999999999992
	-11.296	2.635999999999967
	-11.288	3.156000000000063
	-11.28	3.439999999999941
	-11.272	3.788000000000011
	-11.264	2.04400000000004
	-11.256	3.567999999999927
	-11.248	6.343999999999994
	-11.24	4.363999999999976
	-11.232	4.768000000000086
	-11.224	2.335999999999956
	-11.216	3.920000000000016
	-11.208	5.448000000000036
	-11.2	1.216000000000008
	-11.192	4.20799999999997
	-11.184	3.30800000000005
	-11.176	4.171999999999912
	-11.168	2.34800000000007
	-11.16	1.01600000000002
	-11.152	3.995999999999924
	-11.144	3.639999999999986
	-11.136	2.6520000000001
	-11.128	2.439999999999941
	-11.12	2.032000000000039
	-11.112	2.711999999999932
	-11.104	3.543999999999926
	-11.096	7.480000000000075
	-11.088	6.243999999999971
	-11.08	4.531999999999982
	-11.072	5.83600000000007
	-11.064	4.640000000000043
	-11.056	4.991999999999905
	-11.048	5.279999999999973
	-11.04	6.099999999999966
	-11.032	4.624000000000137
	-11.024	2.463999999999999
	-11.016	4.307999999999936
	-11.008	3.372000000000071
	-11	3.324000000000012
	-10.992	3.179999999999893
	-10.984	5.564000000000078
	-10.976	4.475999999999942
	-10.968	5.512000000000057
	-10.96	1.180000000000007
	-10.952	3.883999999999901
	-10.944	4.164000000000101
	-10.936	5.163999999999874
	-10.928	4.700000000000159
	-10.92	4.40399999999994
	-10.912	3.367999999999938
	-10.904	6.303999999999974
	-10.896	4.508000000000095
	-10.888	3.608000000000004
	-10.88	2.504000000000019
	-10.872	3.488
	-10.864	4.919999999999902
	-10.856	9.116000000000042
	-10.848	3.559999999999945
	-10.84	8.503999999999962
	-10.832	5.104000000000156
	-10.824	4.94399999999996
	-10.816	4.527999999999963
	-10.808	3.632000000000062
	-10.8	2.343999999999994
	-10.792	5.91599999999994
	-10.784	5.620000000000005
	-10.776	2.676000000000045
	-10.768	2.95999999999998
	-10.76	6.528000000000077
	-10.752	2.183999999999855
	-10.744	10.22399999999999
	-10.736	4.39200000000011
	-10.728	2.052000000000021
	-10.72	4.447999999999922
	-10.712	3.768000000000029
	-10.704	3.328000000000031
	-10.696	5.303999999999974
	-10.688	5.931999999999903
	-10.68	4.736000000000104
	-10.672	5.303999999999974
	-10.664	4.464000000000055
	-10.656	4.851999999999805
	-10.648	6.848000000000184
	-10.64	3.539999999999907
	-10.632	6.540000000000077
	-10.624	2.260000000000048
	-10.616	3.288000000000011
	-10.608	2.931999999999846
	-10.6	7.07200000000006
	-10.592	4.184000000000083
	-10.584	1.755999999999972
	-10.576	3.45599999999996
	-10.568	3.327999999999975
	-10.56	3.060000000000116
	-10.552	3.731999999999744
	-10.544	7.57200000000006
	-10.536	7.204000000000121
	-10.528	4.740000000000009
	-10.52	3.807999999999993
	-10.512	2.29200000000003
	-10.504	3.127999999999929
	-10.496	3.78000000000003
	-10.488	6.179999999999893
	-10.48	6.100000000000136
	-10.472	3.079999999999927
	-10.464	7.21999999999997
	-10.456	6.192000000000064
	-10.448	5.159999999999911
	-10.44	7.184000000000026
	-10.432	5.040000000000077
	-10.424	4.335999999999956
	-10.416	5.176000000000101
	-10.408	4.60799999999989
	-10.4	8.315999999999917
	-10.392	6.636000000000138
	-10.384	4.995999999999924
	-10.376	5.012000000000057
	-10.368	4.74799999999999
	-10.36	7.384000000000015
	-10.352	3.000000000000057
	-10.344	4.012
	-10.336	1.995999999999924
	-10.328	3.69199999999995
	-10.32	2.844000000000051
	-10.312	4.928000000000054
	-10.304	3.967999999999961
	-10.296	4.608000000000004
	-10.288	8.039999999999964
	-10.28	6.127999999999986
	-10.272	5.400000000000091
	-10.264	1.872000000000014
	-10.256	3.467999999999961
	-10.248	6.551999999999964
	-10.24	2.292000000000087
	-10.232	2.512
	-10.224	4.215999999999951
	-10.216	6.275999999999954
	-10.208	5.699999999999932
	-10.2	8.940000000000055
	-10.192	5.500000000000057
	-10.184	3.896000000000015
	-10.176	2.503999999999962
	-10.168	9.571999999999946
	-10.16	7.692000000000007
	-10.152	6.10000000000008
	-10.144	7.775999999999897
	-10.136	6.391999999999996
	-10.128	8.07200000000006
	-10.12	4.755999999999972
	-10.112	5.536000000000001
	-10.104	3.580000000000041
	-10.096	2.759999999999991
	-10.088	3.340000000000032
	-10.08	4.48399999999998
	-10.072	2.675999999999988
	-10.064	7.291999999999973
	-10.056	5.127999999999986
	-10.048	4.580000000000041
	-10.04	4.436000000000092
	-10.032	2.919999999999959
	-10.024	4.875999999999863
	-10.016	6.28000000000003
	-10.008	6.33200000000005
	-10	5.072000000000003
	-9.992	3.500000000000057
	-9.984	3.711999999999989
	-9.976	11.65599999999995
	-9.968	4.427999999999997
	-9.96	7.903999999999769
	-9.952	7.660000000000196
	-9.944	4.855999999999995
	-9.936	4.927999999999997
	-9.928	4.576000000000022
	-9.92	6.275999999999954
	-9.912	4.700000000000159
	-9.904	4.927999999999997
	-9.896	2.256000000000029
	-9.888	2.819999999999879
	-9.88	7.967999999999904
	-9.872	5.720000000000198
	-9.864	9.67599999999976
	-9.856	6.876000000000147
	-9.848	3.683999999999969
	-9.84	6.807999999999879
	-9.832	5.296000000000276
	-9.824	5.255999999999972
	-9.816	4.779999999999916
	-9.808	2.479999999999961
	-9.8	4.099999999999909
	-9.792	3.811999999999841
	-9.784	7.051999999999907
	-9.776	11.67600000000027
	-9.768	7.192000000000007
	-9.76	6.083999999999946
	-9.752	6.112000000000023
	-9.744	6.392000000000053
	-9.736	6.571999999999832
	-9.728	9.30800000000005
	-9.72	6.608000000000061
	-9.712	5.796000000000049
	-9.704	4.003999999999849
	-9.696	4.136000000000251
	-9.688	10.17199999999974
	-9.68	10.04399999999987
	-9.672	12.64000000000016
	-9.664	9.155999999999892
	-9.656	8.42000000000013
	-9.648	7.067999999999813
	-9.64	7.384000000000015
	-9.632	5.059999999999832
	-9.624	5.244000000000142
	-9.616	9.260000000000218
	-9.608	7.935999999999694
	-9.6	6.216000000000122
	-9.592	10.00800000000004
	-9.584	8.295999999999935
	-9.576	7.875999999999863
	-9.568	6.84800000000007
	-9.56	6.23599999999999
	-9.552	6.744000000000142
	-9.544	4.567999999999756
	-9.536	4.732000000000085
	-9.528	5.320000000000164
	-9.52	7.692000000000007
	-9.512	8.799999999999841
	-9.504	6.420000000000186
	-9.496	4.903999999999769
	-9.488	6.124000000000024
	-9.48	5.756000000000085
	-9.472	10.24400000000014
	-9.464	5.847999999999729
	-9.456	7.288000000000125
	-9.448	6.163999999999987
	-9.44	9.451999999999998
	-9.432	9.492000000000075
	-9.424	9.756000000000085
	-9.416	8.883999999999787
	-9.408	6.164000000000215
	-9.4	8.403999999999769
	-9.392	6.336000000000013
	-9.384	4.687999999999874
	-9.376	6.488000000000056
	-9.368	5.020000000000095
	-9.36	7.980000000000018
	-9.352	8.736000000000104
	-9.344	9.892000000000166
	-9.336	5.535999999999717
	-9.328	7.072000000000116
	-9.32	11.02800000000025
	-9.312	11.54399999999976
	-9.304	7.627999999999815
	-9.296	7.356000000000222
	-9.288	9.956000000000017
	-9.28	5.615999999999758
	-9.272	7.104000000000269
	-9.264	15.63200000000018
	-9.256	12.94799999999952
	-9.248	12.20400000000029
	-9.24	12.57599999999991
	-9.232	10.78000000000009
	-9.224	10.14799999999991
	-9.216	4.563999999999965
	-9.208	8.839999999999918
	-9.2	9.812000000000012
	-9.192	8.468000000000075
	-9.184	10.90400000000022
	-9.176	11.04399999999987
	-9.168	6.599999999999909
	-9.16	5.115999999999872
	-9.152	7.112000000000194
	-9.144	9.475999999999885
	-9.136	7.128000000000043
	-9.128	10.69600000000025
	-9.12	10.89199999999983
	-9.112	7.600000000000023
	-9.104	9.344000000000051
	-9.096	9.611999999999966
	-9.088	6.815999999999576
	-9.08	6.448000000000434
	-9.072	6.283999999999764
	-9.064	8.276000000000067
	-9.056	8.740000000000123
	-9.048	18.30799999999999
	-9.04	7.831999999999766
	-9.032	9.112000000000307
	-9.024	9.587999999999965
	-9.016	10.15200000000004
	-9.008	9.315999999999804
	-9	6.416000000000054
	-8.992	6.275999999999954
	-8.984	7.564000000000192
	-8.976	10.61999999999978
	-8.968	11.72800000000018
	-8.96	10.69199999999978
	-8.952	7.148000000000025
	-8.944	7.000000000000114
	-8.936	10.87200000000018
	-8.928	14.45600000000002
	-8.92	8.959999999999809
	-8.912	8.775999999999954
	-8.904	5.815999999999917
	-8.896	10.92800000000045
	-8.888	14.86399999999969
	-8.88	13.51600000000042
	-8.872	13.77999999999952
	-8.864	10.48000000000002
	-8.856	8.779999999999973
	-8.848	8.836000000000013
	-8.84	7.672000000000367
	-8.832	13.67999999999972
	-8.824	10.87200000000007
	-8.816	12.4920000000003
	-8.808	17.33199999999977
	-8.8	10.45999999999981
	-8.792	11.72400000000005
	-8.784	12.13600000000008
	-8.776	4.191999999999553
	-8.768	9.648000000000593
	-8.76	12.9399999999996
	-8.752	7.376000000000204
	-8.744	8.951999999999998
	-8.736	8.855999999999767
	-8.728	6.699999999999932
	-8.72	11.75600000000099
	-8.712	20.02399999999966
	-8.704	14.74399999999991
	-8.696	15.84400000000005
	-8.688	16.24000000000001
	-8.68	12.0799999999997
	-8.672	14.83199999999977
	-8.664	16.61200000000065
	-8.656	14.63999999999942
	-8.648	9.704000000000065
	-8.64	11.56400000000031
	-8.632	14.08799999999985
	-8.624	16.70400000000041
	-8.616	17.11599999999953
	-8.608	12.44399999999996
	-8.6	9.736000000000104
	-8.592	15.12400000000002
	-8.584	16.43999999999983
	-8.576	9.692000000000007
	-8.568	13.99600000000044
	-8.56	17.82799999999986
	-8.552	20.86800000000017
	-8.544	16.37599999999952
	-8.536	9.747999999999934
	-8.528	13.4200000000003
	-8.52	12.52800000000002
	-8.512	12.16799999999978
	-8.504	12.5680000000001
	-8.496	16.73599999999999
	-8.488	12.95200000000057
	-8.48	16.29599999999937
	-8.472	10.86400000000003
	-8.464	11.26400000000024
	-8.456	17.00400000000013
	-8.448	15.91999999999962
	-8.44	12.8760000000002
	-8.432	18.64800000000014
	-8.424	22.78800000000012
	-8.416	21.23599999999988
	-8.408	15.11199999999985
	-8.4	18.49200000000019
	-8.392	16.53999999999985
	-8.384	13.82399999999996
	-8.376	15.50400000000002
	-8.368	22.81599999999992
	-8.36	17.76800000000003
	-8.352	16.91600000000028
	-8.344	16.74399999999957
	-8.336	14.94000000000028
	-8.328	16.82799999999986
	-8.32	14.36799999999982
	-8.312	14.23600000000044
	-8.304	18.33199999999977
	-8.296	16.22000000000014
	-8.288	20.74000000000001
	-8.28	13.35999999999967
	-8.272	13.13600000000031
	-8.264	12.11599999999987
	-8.256	11.27199999999982
	-8.248	19.51600000000042
	-8.24	18.43999999999994
	-8.232	23.91600000000039
	-8.224	21.05999999999938
	-8.216	13.7080000000002
	-8.208	22.19599999999991
	-8.2	18.63200000000018
	-8.192	18.25599999999986
	-8.184	16.6759999999997
	-8.176	14.38400000000024
	-8.168	17.84000000000026
	-8.16	21.13999999999999
	-8.152	17.73599999999999
	-8.144	18.45199999999988
	-8.136	24.7960000000005
	-8.128	22.06399999999917
	-8.12	20.87200000000053
	-8.112	26.64400000000012
	-8.104	18.43999999999971
	-8.096	17.13199999999949
	-8.088	15.78400000000067
	-8.08	22.95999999999981
	-8.072	23.04399999999998
	-8.064	21.30799999999999
	-8.056	26.42400000000032
	-8.048	22.29599999999982
	-8.04	22.76000000000045
	-8.032	27.45599999999968
	-8.024	15.01599999999939
	-8.016	15.96400000000051
	-8.008	20.17199999999968
	-8	18.98800000000006
	-7.992	19.52399999999989
	-7.984	16.00000000000023
	-7.976	22.55200000000002
	-7.968	19.02000000000021
	-7.96	23.33199999999965
	-7.952	22.15600000000029
	-7.944	26.18399999999997
	-7.936	26.98400000000004
	-7.928	21.86800000000017
	-7.92	29.80800000000022
	-7.912	22.18399999999929
	-7.904	21.78400000000022
	-7.896	25.34800000000018
	-7.888	24.7439999999998
	-7.88	20.00800000000049
	-7.872	27.71199999999953
	-7.864	22.61599999999976
	-7.856	21.63600000000042
	-7.848	29.60400000000016
	-7.84	32.14800000000002
	-7.832	23.78399999999954
	-7.824	24.93200000000058
	-7.816	22.79199999999912
	-7.808	25.01600000000064
	-7.8	25.84799999999973
	-7.792	20.90799999999979
	-7.784	24.12800000000016
	-7.776	18.86800000000039
	-7.768	27.01200000000028
	-7.76	32.11599999999976
	-7.752	27.37199999999973
	-7.744	29.21200000000067
	-7.736	36.99199999999962
	-7.728	27.39999999999975
	-7.72	25.39200000000051
	-7.712	31.4399999999996
	-7.704	16.66799999999989
	-7.696	28.5600000000004
	-7.688	28.28399999999988
	-7.68	34.47199999999975
	-7.672	27.0400000000003
	-7.664	24.36800000000005
	-7.656	30.15199999999948
	-7.648	27.08400000000029
	-7.64	33.47600000000068
	-7.632	45.06399999999996
	-7.624	33.95999999999947
	-7.616	31.30399999999975
	-7.608	29.08800000000008
	-7.6	32.49999999999989
	-7.592	26.81600000000037
	-7.584	32.79599999999994
	-7.576	32.97600000000011
	-7.568	25.35599999999965
	-7.56	30.89600000000019
	-7.552	36.99600000000055
	-7.544	36.03199999999924
	-7.536	27.30799999999988
	-7.528	26.59600000000012
	-7.52	26.06800000000021
	-7.512	33.5000000000008
	-7.504	42.00399999999956
	-7.496	44.91200000000038
	-7.488	39.47999999999911
	-7.48	32.13199999999995
	-7.472	25.00399999999979
	-7.464	32.16800000000035
	-7.456	31.72000000000014
	-7.448	44.36800000000051
	-7.44	40.4279999999992
	-7.432	25.58400000000029
	-7.424	33.37600000000032
	-7.416	45.35600000000022
	-7.408	50.50399999999991
	-7.4	44.40399999999988
	-7.392	37.61599999999987
	-7.384	32.29200000000003
	-7.376	35.58000000000004
	-7.368	38.02799999999979
	-7.36	42.78000000000043
	-7.352	46.63199999999949
	-7.344	33.36799999999982
	-7.336	30.3480000000003
	-7.328	41.06400000000008
	-7.32	41.3679999999996
	-7.312	33.25200000000029
	-7.304	44.43200000000081
	-7.296	54.04399999999976
	-7.288	46.53199999999981
	-7.28	47.48400000000015
	-7.272	51.34399999999994
	-7.264	46.67999999999961
	-7.256	36.42000000000098
	-7.248	55.22799999999893
	-7.24	43.92399999999986
	-7.232	33.28400000000056
	-7.224	48.1640000000001
	-7.216	48.81600000000014
	-7.208	48.50000000000034
	-7.2	52.88399999999956
	-7.192	55.18000000000063
	-7.184	54.33999999999946
	-7.176	53.72000000000025
	-7.168	58.80800000000056
	-7.16	63.43999999999892
	-7.152	52.11200000000042
	-7.144	50.05199999999991
	-7.136	56.26800000000037
	-7.128	48.06799999999942
	-7.12	43.63200000000052
	-7.112	60.15999999999974
	-7.104	53.76800000000003
	-7.096	53.1440000000008
	-7.088	55.15999999999917
	-7.08	57.06399999999951
	-7.072	56.06800000000101
	-7.064	56.2039999999995
	-7.056	59.53199999999993
	-7.048	49.27600000000041
	-7.04	54.21600000000035
	-7.032	76.06800000000067
	-7.024	66.85599999999897
	-7.016	62.88400000000024
	-7.008	58.94399999999985
	-7	58.09999999999968
	-6.992	57.04399999999998
	-6.984	60.74799999999993
	-6.976	62.58400000000074
	-6.968	78.71999999999969
	-6.96	71.15999999999985
	-6.952	69.48400000000083
	-6.944	77.93599999999958
	-6.936	59.94399999999905
	-6.928	53.39200000000096
	-6.92	65.22399999999959
	-6.912	62.28400000000011
	-6.904	65.6640000000009
	-6.896	69.53599999999881
	-6.888	56.71200000000022
	-6.88	66.32400000000064
	-6.872	78.86799999999994
	-6.864	68.04399999999941
	-6.856	70.06400000000031
	-6.848	76.61200000000053
	-6.84	70.39599999999905
	-6.832	68.62000000000046
	-6.824	68.06400000000019
	-6.816	73.35599999999954
	-6.808	68.98800000000062
	-6.8	70.91599999999949
	-6.792	63.41199999999935
	-6.784	74.90000000000055
	-6.776	70.27999999999986
	-6.768	66.41599999999983
	-6.76	62.29200000000003
	-6.752	73.00800000000083
	-6.744	62.35999999999842
	-6.736	57.46800000000155
	-6.728	75.79999999999984
	-6.72	79.73599999999942
	-6.712	66.60400000000107
	-6.704	80.76799999999992
	-6.696	87.80399999999929
	-6.688	72.30000000000098
	-6.68	75.99999999999829
	-6.672	61.11600000000101
	-6.664	72.97199999999987
	-6.656	69.25999999999988
	-6.648	72.81600000000026
	-6.64	74.8600000000007
	-6.632	66.73199999999883
	-6.624	59.36399999999981
	-6.616	67.30800000000079
	-6.608	68.695999999999
	-6.6	61.46800000000076
	-6.592	61.96399999999949
	-6.584	59.55999999999995
	-6.576	60.68399999999974
	-6.568	62.64000000000112
	-6.56	71.6799999999995
	-6.552	60.97999999999922
	-6.544	56.48400000000072
	-6.536	65.55999999999972
	-6.528	60.93200000000013
	-6.52	70.07200000000023
	-6.512	54.16799999999978
	-6.504	57.50400000000013
	-6.496	67.42800000000068
	-6.488	77.96799999999973
	-6.48	71.81199999999978
	-6.472	72.76399999999978
	-6.464	63.31999999999994
	-6.456	58.32799999999975
	-6.448	58.92000000000075
	-6.44	68.66400000000021
	-6.432	71.48399999999958
	-6.424	79.58000000000061
	-6.416	62.29599999999914
	-6.408	64.18399999999974
	-6.4	66.32400000000098
	-6.392	78.39999999999918
	-6.384	78.37200000000098
	-6.376	87.1039999999997
	-6.368	64.51199999999903
	-6.36	68.1520000000005
	-6.352	70.15600000000063
	-6.344	80.34400000000005
	-6.336	66.54799999999886
	-6.328	69.91600000000108
	-6.32	76.77599999999927
	-6.312	65.87999999999988
	-6.304	61.99600000000032
	-6.296	59.13199999999938
	-6.288	65.46000000000095
	-6.28	71.76399999999933
	-6.272	67.42000000000064
	-6.264	75.30799999999954
	-6.256	64.81200000000058
	-6.248	83.45199999999977
	-6.24	66.54000000000019
	-6.232	78.68800000000022
	-6.224	85.75999999999988
	-6.216	66.21599999999921
	-6.208	63.38800000000003
	-6.2	69.64800000000025
	-6.192	68.56000000000006
	-6.184	65.24399999999935
	-6.176	67.10000000000116
	-6.168	71.89599999999916
	-6.16	61.10800000000063
	-6.152	71.87599999999998
	-6.144	62.05999999999915
	-6.136	61.39200000000062
	-6.128	75.39599999999996
	-6.12	73.87600000000066
	-6.112	84.39599999999973
	-6.104	73.86000000000024
	-6.096	81.39999999999964
	-6.088	75.68800000000022
	-6.08	76.57999999999993
	-6.072	83.90400000000011
	-6.064	69.18399999999951
	-6.056	70.048
	-6.048	76.16800000000035
	-6.04	78.76399999999978
	-6.032	62.21599999999989
	-6.024	76.80400000000009
	-6.016	69.97199999999907
	-6.008	68.36400000000162
	-6	80.47999999999968
	-5.992	77.43599999999981
	-5.984	78.18400000000031
	-5.976	71.81599999999912
	-5.968	71.27999999999986
	-5.96	63.68400000000042
	-5.952	74.12000000000012
	-5.944	75.78399999999965
	-5.936	56.35599999999988
	-5.928	65.3200000000005
	-5.92	92.16800000000069
	-5.912	85.5999999999998
	-5.904	94.35600000000045
	-5.896	75.19199999999876
	-5.888	78.3000000000003
	-5.88	61.91200000000015
	-5.872	76.79599999999959
	-5.864	75.86000000000126
	-5.856	71.18399999999872
	-5.848	80.64000000000101
	-5.84	69.95999999999947
	-5.832	83.64400000000069
	-5.824	81.16799999999864
	-5.816	66.75200000000041
	-5.808	75.94400000000053
	-5.8	85.66800000000023
	-5.792	81.10000000000014
	-5.784	77.8240000000003
	-5.776	87.09599999999955
	-5.768	63.65599999999915
	-5.76	70.55200000000093
	-5.752	75.91999999999939
	-5.744	81.01999999999987
	-5.736	77.27200000000062
	-5.728	84.58399999999972
	-5.72	82.58399999999949
	-5.712	95.98400000000026
	-5.704	88.44000000000074
	-5.696	81.99599999999919
	-5.688	82.42400000000146
	-5.68	86.26399999999865
	-5.672	86.50000000000136
	-5.664	79.34399999999937
	-5.656	76.11199999999951
	-5.648	85.44400000000053
	-5.64	88.87199999999973
	-5.632	83.85199999999975
	-5.624	92.09599999999989
	-5.616	81.20000000000027
	-5.608	87.96799999999962
	-5.6	81.45600000000093
	-5.592	72.7559999999994
	-5.584	72.34400000000039
	-5.576	84.25199999999916
	-5.568	76.40800000000013
	-5.56	66.88799999999969
	-5.552	72.80800000000033
	-5.544	78.48799999999869
	-5.536	71.00000000000068
	-5.528	75.12000000000035
	-5.52	82.41599999999994
	-5.512	73.87999999999965
	-5.504	63.97199999999953
	-5.496	72.65599999999995
	-5.488	76.9680000000003
	-5.48	88.82399999999984
	-5.472	90.65600000000063
	-5.464	88.99200000000042
	-5.456	74.45999999999981
	-5.448	73.67599999999993
	-5.44	69.35600000000045
	-5.432	79.97200000000066
	-5.424	89.89199999999869
	-5.416	75.37599999999975
	-5.408	73.91200000000049
	-5.4	75.06399999999917
	-5.392	68.69600000000059
	-5.384	74.86400000000049
	-5.376	68.87199999999825
	-5.368	60.33600000000092
	-5.36	83.73200000000134
	-5.352	73.97999999999797
	-5.344	71.26000000000022
	-5.336	62.19200000000023
	-5.328	67.67600000000061
	-5.32	75.51599999999985
	-5.312	77.79999999999973
	-5.304	68.95200000000068
	-5.296	74.16799999999876
	-5.288	63.35200000000168
	-5.28	63.28399999999851
	-5.272	78.58400000000051
	-5.264	81.86400000000071
	-5.256	76.71199999999953
	-5.248	78.59599999999909
	-5.24	67.29200000000037
	-5.232	72.75600000000099
	-5.224	75.21199999999931
	-5.216	74.80399999999963
	-5.208	74.84800000000087
	-5.2	62.15999999999917
	-5.192	81.88800000000128
	-5.184	72.09599999999932
	-5.176	73.41999999999962
	-5.168	83.00000000000023
	-5.16	79.0920000000001
	-5.152	66.53600000000051
	-5.144	67.82399999999916
	-5.136	77.32000000000016
	-5.128	68.43599999999924
	-5.12	63.49200000000064
	-5.112	72.63199999999961
	-5.104	60.84799999999927
	-5.096	69.17600000000061
	-5.088	68.82400000000052
	-5.08	55.89999999999895
	-5.072	61.87200000000075
	-5.064	72.44000000000096
	-5.056	71.55199999999968
	-5.048	82.40800000000172
	-5.04	77.9479999999985
	-5.032	79.48399999999947
	-5.024	67.69999999999982
	-5.016	67.53599999999938
	-5.008	71.94400000000155
	-5	69.53599999999869
	-4.992	58.94799999999964
	-4.984	61.15200000000118
	-4.976	71.98000000000025
	-4.968	77.2039999999995
	-4.96	68.87200000000075
	-4.952	72.93599999999878
	-4.944	68.03199999999993
	-4.936	78.17600000000039
	-4.928	67.71599999999944
	-4.92	67.29600000000119
	-4.912	75.76799999999889
	-4.904	69.43200000000093
	-4.896	71.39999999999964
	-4.888	57.74400000000037
	-4.88	72.94000000000051
	-4.872	69.95599999999854
	-4.864	72.90400000000068
	-4.856	69.61599999999976
	-4.848	68.88399999999956
	-4.84	61.72000000000094
	-4.832	73.87599999999998
	-4.824	58.1439999999991
	-4.816	61.33600000000115
	-4.808	71.98000000000047
	-4.8	73.69199999999842
	-4.792	71.37200000000007
	-4.784	76.88800000000015
	-4.776	71.13599999999951
	-4.768	67.46000000000117
	-4.76	63.37199999999939
	-4.752	70.16400000000044
	-4.744	62.02399999999943
	-4.736	71.45199999999977
	-4.728	67.56800000000089
	-4.72	76.84400000000028
	-4.712	74.81199999999967
	-4.704	65.42399999999952
	-4.696	71.16000000000031
	-4.688	77.86800000000062
	-4.68	68.90000000000009
	-4.672	79.42799999999966
	-4.664	70.05599999999913
	-4.656	74.23200000000065
	-4.648	64.42000000000007
	-4.64	57.93600000000015
	-4.632	63.00799999999913
	-4.624	56.59199999999987
	-4.616	76.63200000000143
	-4.608	70.1359999999986
	-4.6	65.08000000000084
	-4.592	61.92799999999897
	-4.584	64.46399999999994
	-4.576	64.66399999999999
	-4.568	65.93600000000083
	-4.56	73.92800000000057
	-4.552	65.02399999999875
	-4.544	59.43200000000093
	-4.536	71.05999999999949
	-4.528	71.67200000000162
	-4.52	79.23199999999952
	-4.512	68.0199999999993
	-4.504	69.40399999999931
	-4.496	59.86800000000017
	-4.488	58.99599999999964
	-4.48	63.87600000000134
	-4.472	68.0359999999996
	-4.464	69.87599999999975
	-4.456	54.93599999999901
	-4.448	64.56400000000212
	-4.44	70.57999999999856
	-4.432	56.14400000000069
	-4.424	65.12399999999843
	-4.416	63.05600000000072
	-4.408	63.70000000000027
	-4.4	78.64000000000078
	-4.392	74.89600000000041
	-4.384	63.61599999999885
	-4.376	69.20400000000041
	-4.368	70.20399999999972
	-4.36	60.18000000000006
	-4.352	58.07600000000048
	-4.344	68.06399999999985
	-4.336	71.90800000000036
	-4.328	67.15599999999927
	-4.32	51.81599999999958
	-4.312	78.15200000000073
	-4.304	58.03599999999915
	-4.296	73.79200000000083
	-4.288	67.88000000000011
	-4.28	55.0679999999993
	-4.272	70.01200000000108
	-4.264	61.27999999999861
	-4.256	71.48800000000051
	-4.248	77.23599999999965
	-4.24	71.27600000000052
	-4.232	74.90000000000032
	-4.224	68.97999999999865
	-4.216	72.90800000000127
	-4.208	73.31999999999971
	-4.2	63.95999999999935
	-4.192	56.86000000000035
	-4.184	55.9200000000003
	-4.176	65.58000000000038
	-4.168	64.09999999999945
	-4.16	74.05600000000072
	-4.152	65.79199999999832
	-4.144	56.44400000000019
	-4.136	50.81999999999971
	-4.128	66.72400000000016
	-4.12	57.2639999999999
	-4.112	56.94799999999987
	-4.104	51.25600000000031
	-4.096	49.09200000000033
	-4.088	59.52800000000047
	-4.08	59.05199999999991
	-4.072	66.33599999999979
	-4.064	53.25200000000041
	-4.056	48.09199999999942
	-4.048	42.65199999999959
	-4.04	52.94000000000051
	-4.032	64.99600000000169
	-4.024	61.64799999999855
	-4.016	52.73599999999919
	-4.008	57.57600000000139
	-4	66.60399999999936
	-3.992	56.78000000000088
	-3.984	62.04399999999987
	-3.976	70.75200000000018
	-3.968	63.05999999999926
	-3.96	48.98400000000038
	-3.952	49.95999999999913
	-3.944	57.53200000000038
	-3.936	66.48399999999947
	-3.928	57.38400000000024
	-3.92	58.03199999999993
	-3.912	61.5160000000003
	-3.904	55.62000000000057
	-3.896	65.20000000000005
	-3.888	64.47599999999966
	-3.88	66.18000000000052
	-3.872	64.39200000000005
	-3.864	54.36799999999971
	-3.856	52.39999999999895
	-3.848	52.24800000000005
	-3.84	50.30000000000041
	-3.832	46.96399999999971
	-3.824	54.92400000000021
	-3.816	64.45599999999945
	-3.808	48.64400000000023
	-3.8	50.21600000000035
	-3.792	46.39999999999964
	-3.784	47.62000000000012
	-3.776	43.80800000000045
	-3.768	53.0920000000001
	-3.76	63.50799999999981
	-3.752	60.28799999999978
	-3.744	63.20400000000063
	-3.736	58.1359999999986
	-3.728	51.86400000000071
	-3.72	50.75199999999973
	-3.712	55.56800000000021
	-3.704	47.92000000000098
	-3.696	49.01599999999985
	-3.688	60.12399999999866
	-3.68	50.58800000000019
	-3.672	55.44000000000119
	-3.664	59.63600000000019
	-3.656	52.67999999999961
	-3.648	46.42399999999861
	-3.64	43.06800000000021
	-3.632	45.16000000000076
	-3.624	48.2360000000001
	-3.616	50.45599999999877
	-3.608	53.49600000000123
	-3.6	52.60799999999995
	-3.592	47.53999999999951
	-3.584	43.68400000000111
	-3.576	41.80399999999872
	-3.568	44.04800000000023
	-3.56	50.84399999999914
	-3.552	48.8680000000013
	-3.544	47.74399999999991
	-3.536	49.99599999999987
	-3.528	40.10799999999949
	-3.52	46.96800000000121
	-3.512	45.3559999999984
	-3.504	43.47200000000066
	-3.496	50.53199999999993
	-3.488	48.81599999999889
	-3.48	38.51600000000167
	-3.472	44.78400000000011
	-3.464	43.73999999999955
	-3.456	28.52799999999888
	-3.448	42.13200000000165
	-3.44	54.25599999999963
	-3.432	48.74400000000014
	-3.424	39.87999999999965
	-3.416	46.50399999999945
	-3.408	45.97200000000021
	-3.4	45.54800000000023
	-3.392	41.01199999999994
	-3.384	41.56799999999953
	-3.376	45.84800000000109
	-3.368	38.98399999999947
	-3.36	40.15999999999985
	-3.352	45.22000000000003
	-3.344	54.59600000000069
	-3.336	41.9079999999999
	-3.328	42.73599999999988
	-3.32	41.77999999999952
	-3.312	46.52800000000025
	-3.304	50.2320000000002
	-3.296	45.87199999999962
	-3.288	46.62799999999993
	-3.28	47.57599999999979
	-3.272	36.52800000000093
	-3.264	48.11199999999917
	-3.256	45.63600000000019
	-3.248	47.19200000000023
	-3.24	40.72000000000003
	-3.232	43.02400000000034
	-3.224	38.60399999999959
	-3.216	31.33199999999965
	-3.208	36.11200000000031
	-3.2	35.14400000000091
	-3.192	46.79199999999832
	-3.184	42.94400000000019
	-3.176	38.82400000000075
	-3.168	49.81600000000049
	-3.16	50.48799999999983
	-3.152	47.03599999999938
	-3.144	50.02400000000034
	-3.136	49.89599999999882
	-3.128	40.42400000000089
	-3.12	48.98000000000116
	-3.112	42.95599999999786
	-3.104	43.07600000000116
	-3.096	49.64799999999968
	-3.088	48.45600000000059
	-3.08	54.67599999999993
	-3.072	39.74799999999959
	-3.064	42.26400000000081
	-3.056	36.40799999999876
	-3.048	38.20400000000041
	-3.04	38.76399999999967
	-3.032	39.68799999999942
	-3.024	37.74000000000069
	-3.016	41.91200000000117
	-3.008	52.07199999999898
	-3	53.91200000000072
	-2.992	40.83599999999979
	-2.984	47.56800000000021
	-2.976	44.85599999999909
	-2.968	45.64400000000114
	-2.96	51.30399999999963
	-2.952	46.12800000000016
	-2.944	46.73599999999897
	-2.936	46.89600000000041
	-2.928	47.7639999999999
	-2.92	54.54400000000078
	-2.912	44.22799999999916
	-2.904	47.09600000000023
	-2.896	48.13599999999951
	-2.888	48.79200000000105
	-2.88	44.4879999999996
	-2.872	56.05200000000036
	-2.864	49.5199999999993
	-2.856	53.80800000000045
	-2.848	49.73199999999952
	-2.84	42.45999999999981
	-2.832	50.89600000000041
	-2.824	48.14799999999923
	-2.816	52.56400000000076
	-2.808	60.97600000000079
	-2.8	52.4719999999993
	-2.792	59.548
	-2.784	48.13200000000052
	-2.776	68.75999999999999
	-2.768	66.53200000000061
	-2.76	64.35599999999795
	-2.752	62.6640000000009
	-2.744	60.09200000000033
	-2.736	72.74800000000187
	-2.728	72.52799999999866
	-2.72	67.2360000000001
	-2.712	77.42399999999975
	-2.704	69.80799999999977
	-2.696	84.90000000000032
	-2.688	83.11200000000008
	-2.68	86.04000000000019
	-2.672	86.45199999999954
	-2.664	88.67200000000025
	-2.656	83.27200000000039
	-2.648	100.6160000000011
	-2.64	103.9079999999999
	-2.632	94.9159999999988
	-2.624	89.46800000000053
	-2.616	107.364
	-2.608	122.044000000001
	-2.6	120.4159999999993
	-2.592	123.4920000000006
	-2.584	141.5120000000009
	-2.576	144.8119999999999
	-2.568	141.6399999999992
	-2.56	148.3480000000011
	-2.552	162.4759999999992
	-2.544	169.896
	-2.536	163.1079999999999
	-2.528	168.8080000000016
	-2.52	178.3080000000009
	-2.512	199.9159999999986
	-2.504	205.0160000000021
	-2.496	227.0839999999989
	-2.488	240.9560000000001
	-2.48	254.3640000000016
	-2.472	261.5160000000001
	-2.464	265.6440000000007
	-2.456	292.8120000000013
	-2.448	324.0839999999992
	-2.44	322.0040000000033
	-2.432	331.6959999999965
	-2.424	360.0560000000021
	-2.416	338.611999999998
	-2.408	367.2800000000032
	-2.4	419.4399999999976
	-2.392	427.8200000000013
	-2.384	436.6440000000027
	-2.376	466.5799999999997
	-2.368	458.1399999999969
	-2.36	516.9240000000052
	-2.352	520.7039999999984
	-2.344	534.1640000000034
	-2.336	553.2520000000002
	-2.328	575.9879999999982
	-2.32	586.5079999999987
	-2.312	588.0920000000026
	-2.304	648.4960000000044
	-2.296	673.0439999999965
	-2.288	669.8680000000011
	-2.28	723.6320000000028
	-2.272	734.9999999999973
	-2.264	757.1760000000047
	-2.256	807.3799999999992
	-2.248	784.4240000000048
	-2.24	848.9960000000017
	-2.232	890.8359999999943
	-2.224	910.5680000000023
	-2.216	956.0120000000038
	-2.208	932.6119999999946
	-2.2	986.0040000000058
	-2.192	1024.640000000001
	-2.184	1087.312
	-2.176	1170.964000000001
	-2.168	1274.132000000003
	-2.16	1328.727999999999
	-2.152	1281.304000000004
	-2.144	1349.903999999999
	-2.136	1403.596000000004
	-2.128	1547.504000000006
	-2.12	1558.384000000001
	-2.112	1610.379999999999
	-2.104	1720.668000000003
	-2.096	1819.512000000005
	-2.088	1893.463999999999
	-2.08	1877.703999999998
	-2.072	1952.856000000002
	-2.064	2050.97200000001
	-2.056	2099.735999999996
	-2.048	2106.120000000004
	-2.04	2175.551999999999
	-2.032	2190.852000000005
	-2.024	2228.347999999993
	-2.016	2191.468000000005
	-2.008	2098.643999999988
	-2	2086.772000000009
	-1.992	2058.511999999996
	-1.984	1989.271999999999
	-1.976	1938.692000000004
	-1.968	1887.267999999989
	-1.96	1800.244000000002
	-1.952	1761.631999999995
	-1.944	1677.068
	-1.936	1616.487999999997
	-1.928	1538.416
	-1.92	1439.119999999994
	-1.912	1353.179999999999
	-1.904	1312.232000000005
	-1.896	1338.399999999999
	-1.888	1329.963999999994
	-1.88	1302.563999999999
	-1.872	1340.224
	-1.864	1371.024000000006
	-1.856	1338.035999999993
	-1.848	1469.112000000011
	-1.84	1537.103999999996
	-1.832	1540.800000000004
	-1.824	1638.039999999998
	-1.816	1672.180000000002
	-1.808	1775.016000000006
	-1.8	1875.320000000004
	-1.792	2037.676000000004
	-1.784	2128.072000000002
	-1.776	2157.748000000003
	-1.768	2257.444000000003
	-1.76	2360.447999999999
	-1.752	2471.380000000007
	-1.744	2573.404000000001
	-1.736	2613.552
	-1.728	2616.856000000002
	-1.72	2711.836000000002
	-1.712	2725.512000000008
	-1.704	2673.567999999989
	-1.696	2707.044
	-1.688	2584.243999999991
	-1.68	2499.824000000002
	-1.672	2345.735999999995
	-1.664	2181.936000000001
	-1.656	2088.935999999985
	-1.648	1898.080000000004
	-1.64	1796.539999999999
	-1.632	1637.019999999993
	-1.624	1471.155999999993
	-1.616	1340.743999999994
	-1.608	1252.624000000002
	-1.6	1133.423999999997
	-1.592	1036.559999999998
	-1.584	994.7279999999962
	-1.576	942.8959999999986
	-1.568	883.6719999999989
	-1.56	852.4960000000024
	-1.552	807.3359999999959
	-1.544	741.6119999999985
	-1.536	738.7719999999958
	-1.528	687.8720000000021
	-1.52	714.9120000000016
	-1.512	669.0199999999977
	-1.504	662.3520000000026
	-1.496	640.0119999999936
	-1.488	597.3880000000047
	-1.48	562.0079999999944
	-1.472	536.2600000000016
	-1.464	506.4959999999946
	-1.456	511.1120000000019
	-1.448	454.020000000002
	-1.44	430.195999999996
	-1.432	385.9839999999995
	-1.424	364.8360000000011
	-1.416	384.288
	-1.408	335.2159999999978
	-1.4	313.8119999999981
	-1.392	285.6440000000002
	-1.384	260.9800000000012
	-1.376	234.4439999999968
	-1.368	232.7560000000005
	-1.36	206.9039999999986
	-1.352	208.6120000000021
	-1.344	190.723999999997
	-1.336	153.3799999999999
	-1.328	156.8999999999994
	-1.32	124.8240000000001
	-1.312	111.232
	-1.304	121.8160000000007
	-1.296	118.9559999999992
	-1.288	124.7559999999999
	-1.28	99.13199999999938
	-1.272	101.472
	-1.264	87.17999999999984
	-1.256	82.11599999999999
	-1.248	74.30399999999963
	-1.24	81.82000000000062
	-1.232	71.0439999999985
	-1.224	69.96000000000072
	-1.216	71.43999999999892
	-1.208	62.34800000000223
	-1.2	69.05599999999981
	-1.192	55.97199999999907
	-1.184	51.1599999999994
	-1.176	44.62400000000025
	-1.168	43.62800000000016
	-1.16	51.54399999999964
	-1.152	44.84000000000015
	-1.144	43.23599999999965
	-1.136	46.67999999999984
	-1.128	43.94400000000041
	-1.12	47.24800000000073
	-1.112	46.11599999999862
	-1.104	44.78400000000011
	-1.096	39.66000000000008
	-1.088	44.91200000000072
	-1.08	42.21599999999899
	-1.072	38.76400000000081
	-1.064	37.98399999999992
	-1.056	31.31199999999967
	-1.048	36.86000000000013
	-1.04	37.23999999999933
	-1.032	32.30400000000031
	-1.024	32.3760000000002
	-1.016	29.33599999999933
	-1.008	36.94000000000096
	-1	33.31999999999971
	-0.992000000000001	36.3159999999998
	-0.984	27.93999999999983
	-0.976000000000001	36.22400000000084
	-0.968	36.98799999999937
	-0.960000000000001	25.47199999999975
	-0.952	28.99200000000042
	-0.944000000000001	34.15199999999982
	-0.936	34.19600000000014
	-0.928000000000001	29.33599999999979
	-0.92	29.31999999999994
	-0.912000000000001	26.61999999999989
	-0.904	27.83600000000047
	-0.896000000000001	24.18799999999987
	-0.888	31.048
	-0.880000000000001	32.52799999999979
	-0.872	33.7600000000009
	-0.864000000000001	28.01599999999871
	-0.856	22.25600000000031
	-0.848000000000001	20.41999999999985
	-0.84	28.37600000000066
	-0.832000000000001	31.14799999999968
	-0.824	26.29600000000005
	-0.816000000000001	29.83600000000047
	-0.808	26.13599999999929
	-0.800000000000001	26.73199999999997
	-0.792	38.28000000000043
	-0.784000000000001	31.12399999999889
	-0.776	31.55600000000027
	-0.768000000000001	24.47600000000057
	-0.760000000000002	28.45199999999977
	-0.752000000000001	28.74799999999982
	-0.744000000000002	36.53200000000061
	-0.736000000000001	29.53999999999951
	-0.728000000000002	31.94000000000096
	-0.720000000000001	32.09599999999955
	-0.712000000000002	30.17200000000003
	-0.704000000000001	36.4399999999996
	-0.696000000000002	43.59200000000055
	-0.688000000000001	34.3599999999999
	-0.680000000000001	36.64799999999991
	-0.672000000000001	41.8720000000003
	-0.664000000000001	38.56400000000031
	-0.656000000000001	42.53999999999928
	-0.648000000000001	44.87999999999988
	-0.640000000000001	49.86000000000058
	-0.632000000000001	50.89599999999928
	-0.624000000000001	53.99600000000146
	-0.616000000000001	53.9599999999989
	-0.608000000000001	50.22000000000003
	-0.600000000000001	54.45600000000127
	-0.592000000000001	64.18799999999896
	-0.584000000000001	61.28800000000024
	-0.576000000000001	56.46800000000007
	-0.568000000000001	69.51599999999939
	-0.56	79.75600000000168
	-0.552000000000001	74.25199999999859
	-0.544	84.98800000000165
	-0.536000000000001	87.87599999999975
	-0.528	80.93600000000038
	-0.520000000000001	97.07200000000034
	-0.512	87.75599999999986
	-0.504000000000001	93.27999999999975
	-0.496	106.7159999999999
	-0.488000000000001	98.08399999999961
	-0.48	95.60800000000063
	-0.472000000000001	122.4519999999998
	-0.464	131.624
	-0.456000000000001	128.5999999999995
	-0.448	116.2360000000012
	-0.440000000000001	145.0720000000008
	-0.432	141.6999999999996
	-0.424000000000001	155.6240000000018
	-0.416	157.5159999999987
	-0.408000000000001	189.3359999999998
	-0.4	194.516000000001
	-0.392000000000001	211.9280000000012
	-0.384	226.5919999999996
	-0.376000000000001	215.7319999999993
	-0.368	238.788000000003
	-0.360000000000001	251.8839999999982
	-0.352	273.9080000000031
	-0.344000000000001	345.9879999999998
	-0.336	364.8680000000002
	-0.328000000000001	401.3200000000018
	-0.32	472.0040000000038
	-0.312000000000001	546.500000000003
	-0.304	587.4839999999983
	-0.296000000000001	662.1320000000023
	-0.288	705.6720000000007
	-0.280000000000001	793.6320000000048
	-0.272	769.5519999999981
	-0.264000000000001	729.5999999999972
	-0.256	697.4119999999989
	-0.248000000000001	658.4559999999979
	-0.24	548.1799999999973
	-0.232000000000001	514.9200000000012
	-0.224	441.5599999999981
	-0.216000000000001	359.7239999999988
	-0.208	312.5799999999961
	-0.200000000000001	261.5919999999985
	-0.192	233.5560000000003
	-0.184000000000001	181.6999999999991
	-0.176	153.367999999999
	-0.168000000000001	116.4879999999989
	-0.16	105.899999999999
	-0.152000000000001	116.3559999999998
	-0.144	102.2399999999998
	-0.136000000000001	102.7280000000003
	-0.128	88.24000000000001
	-0.120000000000001	88.97599999999875
	-0.112	92.10400000000186
	-0.104000000000001	88.32399999999848
	-0.0960000000000001	101.9080000000026
	-0.088000000000001	98.89599999999859
	-0.0800000000000001	105.5240000000008
	-0.072000000000001	124.972
	-0.0640000000000001	112.8760000000002
	-0.0560000000000009	109.0840000000005
	-0.048	112.7239999999983
	-0.0400000000000009	107.9400000000001
	-0.032	124.9599999999996
	-0.0240000000000009	129.1840000000011
	-0.016	157.016000000001
	-0.0080000000000009	138.5359999999987
	0	135.5640000000001
	0.00799999999999912	148.7320000000007
	0.016	129.8040000000005
	0.0239999999999991	126.3119999999983
	0.032	118.8920000000012
	0.0399999999999991	96.74799999999823
	0.048	103.3080000000002
	0.0559999999999992	89.4839999999997
	0.0640000000000001	80.54799999999909
	0.0719999999999992	67.62800000000061
	0.0800000000000001	59.02799999999934
	0.0879999999999992	47.53600000000029
	0.0960000000000001	37.36799999999948
	0.103999999999999	34.6719999999998
	0.112	37.11200000000053
	0.119999999999999	24.66399999999953
	0.128	15.66399999999953
	0.135999999999999	16.56000000000017
	0.144	21.5440000000001
	0.151999999999999	16.13599999999997
	0.16	15.15599999999949
	0.167999999999999	19.93200000000047
	0.176	9.323999999999614
	0.183999999999999	10.56000000000017
	0.192	14.22800000000007
	0.199999999999999	13.06400000000008
	0.208	18.14399999999978
	0.215999999999999	11.2679999999998
	0.224	10.91600000000017
	0.231999999999999	12.64799999999991
	0.24	12.48400000000038
	0.247999999999999	13.10400000000004
	0.255999999999998	10.57599999999957
	0.263999999999999	9.47600000000034
	0.271999999999998	10.78399999999965
	0.279999999999999	12.41200000000072
	0.287999999999998	9.663999999999533
	0.295999999999999	8.727999999999838
	0.303999999999998	12.28800000000047
	0.311999999999999	10.69199999999955
	0.319999999999999	9.299999999999955
	0.327999999999999	11.34800000000064
	0.335999999999999	10.93199999999956
	0.343999999999999	8.347999999999729
	0.351999999999999	10.49600000000032
	0.359999999999999	9.411999999999807
	0.367999999999999	14.76800000000003
	0.375999999999999	12.65200000000027
	0.383999999999999	9.279999999999745
	0.391999999999999	5.675999999999931
	0.399999999999999	8.768000000000029
	0.407999999999999	7.779999999999745
	0.415999999999999	6.6400000000001
	0.423999999999999	11.34800000000018
	0.431999999999999	8.428000000000111
	0.44	4.667999999999665
	0.447999999999999	7.004000000000133
	0.456	12.90000000000055
	0.463999999999999	15.00400000000013
	0.472	9.123999999999342
	0.479999999999999	10.74400000000037
	0.488	10.31600000000003
	0.495999999999999	7.979999999999336
	0.504	6.908000000000129
	0.511999999999999	8.488000000000284
	0.52	7.687999999999647
	0.527999999999999	9.272000000000162
	0.536	8.588000000000193
	0.543999999999999	11.95599999999945
	0.552	9.352000000000089
	0.559999999999999	9.168000000000575
	0.568	6.055999999999813
	0.575999999999999	6.46799999999962
	0.584	6.904000000000224
	0.591999999999999	10.33599999999979
	0.6	11.97600000000057
	0.607999999999999	9.159999999999627
	0.616	7.876000000000204
	0.623999999999999	9.864000000000033
	0.632	11.53999999999974
	0.639999999999999	7.164000000000215
	0.648	9.304000000000087
	0.655999999999999	10.50399999999991
	0.664	7.503999999999678
	0.671999999999999	7.371999999999844
	0.68	6.156000000000404
	0.687999999999999	9.240000000000009
	0.696	3.143999999999778
	0.703999999999999	3.632000000000062
	0.712	5.61200000000008
	0.719999999999999	4.544000000000096
	0.728	5.827999999999975
	0.735999999999999	3.996000000000095
	0.744	7.707999999999856
	0.751999999999999	5.759999999999991
	0.76	8.1400000000001
	0.767999999999999	5.895999999999958
	0.776	4.039999999999736
	0.783999999999999	7.200000000000273
	0.792	8.028000000000247
	0.799999999999999	5.683999999999514
	0.808	6.2800000000002
	0.815999999999999	8.851999999999862
	0.824	5.696000000000367
	0.831999999999999	6.919999999999618
	0.84	7.600000000000136
	0.847999999999999	4.672000000000025
	0.856	6.563999999999851
	0.863999999999999	5.888000000000147
	0.872	3.703999999999724
	0.879999999999999	13.49200000000019
	0.888	9.443999999999733
	0.895999999999999	5.040000000000418
	0.904	7.379999999999654
	0.911999999999999	5.640000000000327
	0.92	5.80399999999986
	0.927999999999999	4.299999999999955
	0.936	6.072000000000116
	0.943999999999999	8.552000000000135
	0.952	4.955999999999904
	0.959999999999999	9.203999999999951
	0.968	12.30799999999977
	0.975999999999999	8.824000000000296
	0.984	3.167999999999893
	0.991999999999999	4.74799999999982
	1	4.1400000000001
	1.008	9.432000000000471
	1.016	10.95199999999954
	1.024	9.2199999999998
	1.032	8.180000000000064
	1.04	4.656000000000176
	1.048	3.908000000000129
	1.056	4.791999999999916
	1.064	2.907999999999902
	1.072	7.832000000000562
	1.08	3.443999999999505
	1.088	5.087999999999965
	1.096	5.531999999999925
	1.104	5.50400000000036
	1.112	4.263999999999896
	1.12	4.491999999999962
	1.128	3.44399999999996
	1.136	9.744000000000369
	1.144	7.691999999999325
	1.152	6.272000000000162
	1.16	4.880000000000109
	1.168	5.740000000000009
	1.176	4.47199999999998
	1.184	2.755999999999858
	1.192	4.700000000000045
	1.2	3.744000000000142
	1.208	6.652000000000044
	1.216	4.836000000000013
	1.224	5.363999999999805
	1.232	6.259999999999991
	1.24	6.824000000000296
	1.248	4.671999999999798
	1.256	6.591999999999871
	1.264	6.244000000000142
	1.272	6.476000000000113
	1.28	4.039999999999736
	1.288	2
	1.296	3.19600000000014
	1.304	4.256000000000085
	1.312	3.619999999999891
	1.32	7.580000000000155
	1.328	9.396000000000186
	1.336	5.163999999999987
	1.344	4.975999999999658
	1.352	5.19199999999978
	1.36	1.180000000000064
	1.368	2.812000000000126
	1.376	6.599999999999909
	1.384	4.448000000000093
	1.392	4.044000000000324
	1.4	2.591999999999643
	1.408	2.323999999999842
	1.416	4.908000000000357
	1.424	7.231999999999744
	1.432	4.268000000000029
	1.44	3.55600000000004
	1.448	3.195999999999913
	1.456	4.368000000000166
	1.464	4.091999999999871
	1.472	3.135999999999967
	1.48	2.412000000000035
	1.488	3.596000000000004
	1.496	8.084000000000515
	1.504	2.031999999999471
	1.512	3.94800000000032
	1.52	6.563999999999623
	1.528	6.855999999999995
	1.536	6.308000000000447
	1.544	4.359999999999673
	1.552	3.984000000000151
	1.56	2.187999999999874
	1.568	4.687999999999874
	1.576	5.648000000000138
	1.584	3.940000000000055
	1.592	2.515999999999849
	1.6	2.844000000000278
	1.608	6.783999999999878
	1.616	5.880000000000109
	1.624	4.951999999999998
	1.632	4.279999999999745
	1.64	2.840000000000146
	1.648	3.959999999999809
	1.656	4.115999999999985
	1.664	4.00800000000072
	1.672	7.595999999999322
	1.68	2.5
	1.688	5.972000000000207
	1.696	4.259999999999764
	1.704	3.395999999999958
	1.712	5.864000000000487
	1.72	5.479999999999791
	1.728	4.951999999999998
	1.736	4.463999999999942
	1.744	5.347999999999956
	1.752	7.299999999999955
	1.76	2.675999999999704
	1.768	5.320000000000164
	1.776	3.69600000000014
	1.784	5.336000000000013
	1.792	8.25200000000018
	1.8	4.456000000000131
	1.808	3.403999999999769
	1.816	4.032000000000153
	1.824	2.603999999999814
	1.832	2.435999999999694
	1.84	4.660000000000537
	1.848	1.751999999999725
	1.856	1.539999999999964
	1.864	0.91599999999994
	1.872	0.8840000000000146
	1.88	1.579999999999927
	1.888	2.204000000000178
	1.896	3.875999999999976
	1.904	2.932000000000016
