sum_T25_0p23_0		
	-14.088	3
	-14.08	3
	-14.072	2.491999999999997
	-14.064	2
	-14.056	3.567999999999998
	-14.048	2.432000000000002
	-14.04	2
	-14.032	2.783999999999999
	-14.024	3.216000000000001
	-14.016	5.292000000000002
	-14.008	5.919999999999995
	-14	2.788000000000004
	-13.992	2.783999999999999
	-13.984	4.147999999999996
	-13.976	5.852000000000004
	-13.968	2.427999999999997
	-13.96	3
	-13.952	3.572000000000003
	-13.944	3.508000000000003
	-13.936	4.491999999999997
	-13.928	2.216000000000001
	-13.92	2
	-13.912	2
	-13.904	3.996000000000002
	-13.896	4.215999999999994
	-13.888	2.788000000000004
	-13.88	2
	-13.872	2.995999999999995
	-13.864	3.004000000000005
	-13.856	3.583999999999996
	-13.848	4.200000000000003
	-13.84	2.216000000000001
	-13.832	2.372
	-13.824	3.136000000000003
	-13.816	3.647999999999996
	-13.808	3.844000000000001
	-13.8	2
	-13.792	2
	-13.784	2.712000000000003
	-13.776	4.199999999999989
	-13.768	4.872000000000007
	-13.76	3.216000000000001
	-13.752	2.864000000000004
	-13.744	5.271999999999998
	-13.736	9.295999999999999
	-13.728	2.172
	-13.72	0.1280000000000001
	-13.712	2.388000000000005
	-13.704	2.567999999999998
	-13.696	3.464000000000001
	-13.688	1.807999999999997
	-13.68	0.6439999999999984
	-13.672	1
	-13.664	1.228000000000002
	-13.656	4.564
	-13.648	4.599999999999993
	-13.64	2.308000000000002
	-13.632	2.696000000000009
	-13.624	3.579999999999995
	-13.616	2.380000000000003
	-13.608	2.312000000000001
	-13.6	0.3319999999999972
	-13.592	2.420000000000002
	-13.584	4.931999999999995
	-13.576	3.316000000000006
	-13.568	0.3319999999999972
	-13.56	0.3719999999999999
	-13.552	2.547999999999995
	-13.544	4.139999999999986
	-13.536	4.064000000000018
	-13.528	2.876000000000001
	-13.52	0.6680000000000028
	-13.512	0.7279999999999944
	-13.504	2.092000000000002
	-13.496	0.5120000000000005
	-13.488	0
	-13.48	0.5080000000000098
	-13.472	0.7039999999999793
	-13.464	2.480000000000004
	-13.456	3.212000000000018
	-13.448	2.679999999999978
	-13.44	3.052000000000014
	-13.432	3.675999999999995
	-13.424	5.860000000000007
	-13.416	4.715999999999987
	-13.408	3.50800000000001
	-13.4	1.451999999999991
	-13.392	2.656000000000027
	-13.384	2.747999999999969
	-13.376	2.256000000000022
	-13.368	1.99199999999999
	-13.36	4.124000000000002
	-13.352	3.003999999999998
	-13.344	5.568000000000012
	-13.336	5.939999999999976
	-13.328	7.088000000000008
	-13.32	4.900000000000006
	-13.312	2.875999999999998
	-13.304	2
	-13.296	1.995999999999981
	-13.288	1.360000000000014
	-13.28	2.728000000000002
	-13.272	4.564
	-13.264	2.748000000000005
	-13.256	1.795999999999999
	-13.248	3.195999999999998
	-13.24	1.823999999999991
	-13.232	2.696000000000012
	-13.224	3.347999999999992
	-13.216	2.140000000000015
	-13.208	1.463999999999999
	-13.2	1.851999999999975
	-13.192	3.604000000000013
	-13.184	4.036000000000001
	-13.176	2.400000000000006
	-13.168	3.707999999999984
	-13.16	3.963999999999999
	-13.152	4.591999999999999
	-13.144	3.320000000000022
	-13.136	2.943999999999988
	-13.128	3.288000000000011
	-13.12	2.335999999999984
	-13.112	6.387999999999977
	-13.104	5.472000000000037
	-13.096	2.140000000000001
	-13.088	1.224000000000004
	-13.08	1
	-13.072	3.807999999999979
	-13.064	3.42000000000003
	-13.056	2.543999999999969
	-13.048	4.732000000000014
	-13.04	3.683999999999969
	-13.032	5.320000000000064
	-13.024	1.999999999999972
	-13.016	4.387999999999963
	-13.008	5.408000000000001
	-13	4.600000000000051
	-12.992	2.456000000000017
	-12.984	1.72399999999999
	-12.976	1.583999999999989
	-12.968	5.384
	-12.96	4.599999999999994
	-12.952	2.856000000000023
	-12.944	2.847999999999985
	-12.936	2.024000000000001
	-12.928	2.879999999999981
	-12.92	3.032000000000011
	-12.912	3.216000000000022
	-12.904	1.883999999999986
	-12.896	3.480000000000018
	-12.888	1.899999999999949
	-12.88	3.612000000000037
	-12.872	2.071999999999989
	-12.864	2.183999999999997
	-12.856	2.628000000000014
	-12.848	2.311999999999969
	-12.84	3.292000000000044
	-12.832	1.163999999999959
	-12.824	7.384
	-12.816	1.452000000000041
	-12.808	0.7839999999999918
	-12.8	2.079999999999984
	-12.792	2.744
	-12.784	4.52000000000001
	-12.776	2.115999999999957
	-12.768	5.752000000000038
	-12.76	4.283999999999963
	-12.752	4.236000000000033
	-12.744	3.643999999999963
	-12.736	5.955999999999989
	-12.728	6.348000000000042
	-12.72	3.524000000000001
	-12.712	4.832000000000022
	-12.704	3.484000000000009
	-12.696	1.852000000000004
	-12.688	3.18799999999996
	-12.68	3.652000000000015
	-12.672	4.275999999999982
	-12.664	3.216000000000037
	-12.656	1.512
	-12.648	1.94399999999996
	-12.64	2.692000000000036
	-12.632	3.359999999999985
	-12.624	3.860000000000014
	-12.616	4.923999999999978
	-12.608	2.488
	-12.6	3.523999999999972
	-12.592	4.080000000000013
	-12.584	2.524000000000029
	-12.576	3.799999999999983
	-12.568	3.144000000000005
	-12.56	3.579999999999984
	-12.552	4.851999999999947
	-12.544	7.36800000000008
	-12.536	1.860000000000014
	-12.528	1.211999999999989
	-12.52	2.271999999999991
	-12.512	2.184000000000026
	-12.504	1.327999999999975
	-12.496	2.47199999999998
	-12.488	3.904000000000025
	-12.48	1.71999999999997
	-12.472	4.948000000000036
	-12.464	6.467999999999989
	-12.456	2.623999999999995
	-12.448	3.367999999999995
	-12.44	4.383999999999986
	-12.432	5.624000000000024
	-12.424	1.864000000000004
	-12.416	1.871999999999957
	-12.408	5.604000000000013
	-12.4	5.671999999999997
	-12.392	4.472000000000037
	-12.384	3.967999999999989
	-12.376	3.307999999999993
	-12.368	2.635999999999996
	-12.36	3.728000000000009
	-12.352	3.859999999999985
	-12.344	3.684000000000026
	-12.336	1.948000000000008
	-12.328	1.871999999999986
	-12.32	2.251999999999981
	-12.312	3.752000000000038
	-12.304	0.7839999999999918
	-12.296	2.795999999999992
	-12.288	1.927999999999997
	-12.28	3.879999999999967
	-12.272	6.843999999999994
	-12.264	5.171999999999997
	-12.256	7.576000000000022
	-12.248	3.884000000000015
	-12.24	1.864000000000004
	-12.232	1.27200000000002
	-12.224	0
	-12.216	3.067999999999955
	-12.208	4.092000000000013
	-12.2	3.351999999999975
	-12.192	6.748000000000019
	-12.184	4.367999999999995
	-12.176	2.372000000000043
	-12.168	1
	-12.16	2.363999999999976
	-12.152	2.204000000000008
	-12.144	2.988
	-12.136	4.447999999999979
	-12.128	4.500000000000028
	-12.12	4.699999999999989
	-12.112	3.275999999999982
	-12.104	3.532000000000011
	-12.096	5.443999999999988
	-12.088	3.635999999999996
	-12.08	2.77200000000002
	-12.072	2.316000000000003
	-12.064	2.975999999999971
	-12.056	4.256
	-12.048	4.591999999999985
	-12.04	7.120000000000005
	-12.032	7.132000000000005
	-12.024	7.584000000000032
	-12.016	4.807999999999993
	-12.008	5.379999999999995
	-12	3.732000000000028
	-11.992	3.007999999999981
	-11.984	3.240000000000009
	-11.976	5.715999999999951
	-11.968	5.444000000000045
	-11.96	4.479999999999961
	-11.952	3.348000000000042
	-11.944	2.303999999999974
	-11.936	3.368000000000023
	-11.928	5.000000000000028
	-11.92	1.488
	-11.912	3.947999999999979
	-11.904	4.960000000000008
	-11.896	3.079999999999956
	-11.888	1.871999999999986
	-11.88	1.972000000000037
	-11.872	3.671999999999997
	-11.864	5.90799999999993
	-11.856	5.06800000000004
	-11.848	4.084000000000032
	-11.84	5.739999999999981
	-11.832	4.903999999999996
	-11.824	2.032000000000011
	-11.816	5.632000000000005
	-11.808	3.972000000000008
	-11.8	1.995999999999981
	-11.792	2.647999999999996
	-11.784	3.936000000000007
	-11.776	6.231999999999999
	-11.768	3.544000000000011
	-11.76	5.259999999999962
	-11.752	5.78400000000002
	-11.744	3.123999999999995
	-11.736	2.044000000000011
	-11.728	2.160000000000025
	-11.72	4.43199999999996
	-11.712	5.108000000000004
	-11.704	3.368000000000023
	-11.696	1.355999999999995
	-11.688	2.515999999999963
	-11.68	6.240000000000123
	-11.672	4.215999999999894
	-11.664	5.288000000000011
	-11.656	3.45999999999998
	-11.648	6.180000000000064
	-11.64	6.027999999999963
	-11.632	6.451999999999998
	-11.624	2.767999999999972
	-11.616	6.716000000000065
	-11.608	5.315999999999917
	-11.6	4.624000000000024
	-11.592	3.851999999999975
	-11.584	1.860000000000014
	-11.576	1.403999999999996
	-11.568	2.484000000000037
	-11.56	4.411999999999978
	-11.552	5.124000000000024
	-11.544	3.651999999999987
	-11.536	2.415999999999997
	-11.528	0.8439999999999941
	-11.52	2.767999999999972
	-11.512	3.872000000000014
	-11.504	3.30800000000005
	-11.496	4.759999999999991
	-11.488	2.687999999999988
	-11.48	5.423999999999978
	-11.472	7.211999999999989
	-11.464	5.132000000000062
	-11.456	2.980000000000018
	-11.448	5.815999999999917
	-11.44	6.184000000000026
	-11.432	5.199999999999989
	-11.424	4.587999999999965
	-11.416	5.380000000000052
	-11.408	3.212000000000046
	-11.4	3.051999999999964
	-11.392	3.12400000000008
	-11.384	2.931999999999903
	-11.376	3.827999999999975
	-11.368	4.26400000000001
	-11.36	1.432000000000016
	-11.352	0.7280000000000086
	-11.344	3.447999999999979
	-11.336	6.500000000000057
	-11.328	5.087999999999909
	-11.32	5.768000000000029
	-11.312	3.26400000000001
	-11.304	2.364000000000033
	-11.296	6.580000000000041
	-11.288	3.655999999999949
	-11.28	2.599999999999966
	-11.272	2.828000000000031
	-11.264	4.060000000000002
	-11.256	2.519999999999982
	-11.248	5.439999999999941
	-11.24	6.608000000000061
	-11.232	1.839999999999975
	-11.224	3.912000000000035
	-11.216	2.588000000000022
	-11.208	4.995999999999924
	-11.2	6.392000000000053
	-11.192	6.599999999999966
	-11.184	1.432000000000016
	-11.176	1.699999999999989
	-11.168	4.600000000000023
	-11.16	4.463999999999999
	-11.152	2.944000000000017
	-11.144	3.703999999999951
	-11.136	5.76400000000001
	-11.128	5.756000000000029
	-11.12	3.675999999999988
	-11.112	4.103999999999985
	-11.104	5.872000000000071
	-11.096	4.127999999999929
	-11.088	2.236000000000047
	-11.08	2.623999999999967
	-11.072	3.063999999999965
	-11.064	4.604000000000042
	-11.056	6.091999999999985
	-11.048	4.812000000000012
	-11.04	4.663999999999987
	-11.032	6.267999999999972
	-11.024	7.315999999999974
	-11.016	6.552000000000078
	-11.008	2.596000000000004
	-11	5.835999999999956
	-10.992	4.903999999999996
	-10.984	5.236000000000047
	-10.976	2.819999999999993
	-10.968	3.627999999999986
	-10.96	6.75200000000001
	-10.952	4.979999999999961
	-10.944	4.396000000000015
	-10.936	5.128000000000043
	-10.928	3.203999999999951
	-10.92	3.208000000000027
	-10.912	3.444000000000017
	-10.904	5.352000000000032
	-10.896	5.143999999999949
	-10.888	6.379999999999995
	-10.88	5.668000000000006
	-10.872	4.208000000000027
	-10.864	3.927999999999997
	-10.856	2.935999999999979
	-10.848	2.831999999999994
	-10.84	6.444000000000017
	-10.832	5.30400000000003
	-10.824	4.511999999999944
	-10.816	3.32000000000005
	-10.808	6.291999999999973
	-10.8	2.899999999999977
	-10.792	2.160000000000025
	-10.784	2.79200000000003
	-10.776	5.035999999999945
	-10.768	5.136000000000024
	-10.76	2.579999999999984
	-10.752	1.184000000000026
	-10.744	4.104000000000042
	-10.736	7.19599999999997
	-10.728	4.048000000000002
	-10.72	2.135999999999967
	-10.712	3.331999999999994
	-10.704	3.012000000000057
	-10.696	6.191999999999894
	-10.688	5.020000000000095
	-10.68	4.367999999999995
	-10.672	6.823999999999955
	-10.664	2.495999999999981
	-10.656	5.876000000000033
	-10.648	6.736000000000047
	-10.64	6.683999999999969
	-10.632	4.048000000000002
	-10.624	8.116000000000042
	-10.616	5.183999999999969
	-10.608	5.71999999999997
	-10.6	2.135999999999967
	-10.592	4.975999999999999
	-10.584	7.02800000000002
	-10.576	4.5
	-10.568	1.944000000000017
	-10.56	3.564000000000021
	-10.552	4.520000000000039
	-10.544	6.67999999999995
	-10.536	5.899999999999977
	-10.528	6.564000000000078
	-10.52	5.815999999999917
	-10.512	5.23599999999999
	-10.504	4.04000000000002
	-10.496	5.032000000000039
	-10.488	6.97199999999998
	-10.48	6.631999999999948
	-10.472	7.288000000000068
	-10.464	4.951999999999998
	-10.456	6.255999999999972
	-10.448	2.463999999999999
	-10.44	2.680000000000007
	-10.432	3.475999999999999
	-10.424	8.135999999999967
	-10.416	5.60000000000008
	-10.408	5.48399999999998
	-10.4	9.259999999999934
	-10.392	6.555999999999983
	-10.384	7.264000000000067
	-10.376	5.675999999999988
	-10.368	4.032000000000039
	-10.36	6.671999999999912
	-10.352	3.188000000000045
	-10.344	5.160000000000025
	-10.336	4.22399999999999
	-10.328	6.143999999999949
	-10.32	5.492000000000075
	-10.312	1.635999999999967
	-10.304	1.051999999999964
	-10.296	3.492000000000019
	-10.288	4.327999999999975
	-10.28	5.740000000000066
	-10.272	8.047999999999945
	-10.264	5.036000000000058
	-10.256	5.648000000000025
	-10.248	5.751999999999953
	-10.24	5.604000000000042
	-10.232	7.011999999999944
	-10.224	6
	-10.216	4.208000000000027
	-10.208	4.40399999999994
	-10.2	5.620000000000118
	-10.192	6.051999999999907
	-10.184	4.672000000000025
	-10.176	6.060000000000002
	-10.168	7.503999999999962
	-10.16	4.604000000000042
	-10.152	6.395999999999958
	-10.144	5.352000000000032
	-10.136	5.859999999999957
	-10.128	6.716000000000008
	-10.12	6.316000000000088
	-10.112	6.691999999999894
	-10.104	7.668000000000063
	-10.096	8.26400000000001
	-10.088	6.435999999999979
	-10.08	6.815999999999974
	-10.072	4.104000000000042
	-10.064	4.923999999999978
	-10.056	7.076000000000022
	-10.048	6.660000000000025
	-10.04	8.620000000000005
	-10.032	5.15199999999993
	-10.024	6.415999999999997
	-10.016	8.371999999999957
	-10.008	11.6040000000001
	-10	8.323999999999955
	-9.992	4.439999999999998
	-9.984	4.307999999999993
	-9.976	6.668000000000006
	-9.968	5.703999999999951
	-9.96	4.824000000000126
	-9.952	6.815999999999917
	-9.944	5.596000000000004
	-9.936	5.875999999999976
	-9.928	4.312000000000012
	-9.92	6.100000000000023
	-9.912	3.563999999999965
	-9.904	4.099999999999966
	-9.896	4.360000000000014
	-9.888	7.664000000000044
	-9.88	7.588000000000022
	-9.872	4.41599999999994
	-9.864	4.144000000000005
	-9.856	7.316000000000031
	-9.848	12.00000000000006
	-9.84	8.063999999999965
	-9.832	7.304000000000144
	-9.824	7.743999999999858
	-9.816	7.511999999999944
	-9.808	4.144000000000005
	-9.8	10.084
	-9.792	12.51600000000002
	-9.784	5.19199999999995
	-9.776	6.111999999999853
	-9.768	7.544000000000153
	-9.76	9.512000000000114
	-9.752	6.535999999999945
	-9.744	5.795999999999935
	-9.736	11.55200000000013
	-9.728	8.675999999999931
	-9.72	9.796000000000049
	-9.712	7.727999999999895
	-9.704	6.555999999999926
	-9.696	6.048000000000059
	-9.688	7.303999999999974
	-9.68	9.484000000000037
	-9.672	5.116000000000099
	-9.664	9.284000000000049
	-9.656	14.08399999999989
	-9.648	10.13600000000002
	-9.64	10.48000000000013
	-9.632	7.095999999999663
	-9.624	10.10800000000006
	-9.616	9.512000000000285
	-9.608	10.50800000000004
	-9.6	8.043999999999869
	-9.592	9.984000000000151
	-9.584	9.591999999999871
	-9.576	7.135999999999854
	-9.568	3.979999999999905
	-9.56	6.85200000000043
	-9.552	8.639999999999759
	-9.544	4.959999999999809
	-9.536	5.972000000000207
	-9.528	6.311999999999898
	-9.52	3.295999999999935
	-9.512	4.732000000000085
	-9.504	6.995999999999867
	-9.496	8.69600000000014
	-9.488	8.652000000000271
	-9.48	9.355999999999767
	-9.472	5.615999999999872
	-9.464	7.108000000000061
	-9.456	7.448000000000434
	-9.448	12.40399999999977
	-9.44	7.643999999999892
	-9.432	5.075999999999794
	-9.424	9.068000000000325
	-9.416	10.44400000000019
	-9.408	10.32799999999975
	-9.4	12.50799999999992
	-9.392	7.604000000000042
	-9.384	5.239999999999782
	-9.376	7.144000000000347
	-9.368	11.2639999999999
	-9.36	7.784000000000219
	-9.352	10.31999999999948
	-9.344	5.648000000000138
	-9.336	11.54000000000019
	-9.328	16.30400000000009
	-9.32	6.795999999999708
	-9.312	8.284000000000106
	-9.304	7.168000000000006
	-9.296	6.895999999999844
	-9.288	10.46000000000049
	-9.28	10.94799999999964
	-9.272	8.220000000000141
	-9.264	7.327999999999633
	-9.256	6.804000000000087
	-9.248	7.768000000000256
	-9.24	13.45200000000011
	-9.232	12.56000000000017
	-9.224	11.78799999999956
	-9.216	8.480000000000359
	-9.208	12.11199999999974
	-9.2	4.375999999999749
	-9.192	12.25600000000065
	-9.184	11.9879999999996
	-9.176	5.687999999999988
	-9.168	7.55600000000004
	-9.16	8.560000000000173
	-9.152	7.091999999999757
	-9.144	12.70400000000006
	-9.136	9.244000000000028
	-9.128	11.85600000000011
	-9.12	12.92799999999988
	-9.112	8.143999999999892
	-9.104	10.62800000000027
	-9.096	11.52800000000013
	-9.088	12.56399999999985
	-9.08	13.27199999999993
	-9.072	13.48799999999994
	-9.064	13.82000000000028
	-9.056	15.26799999999992
	-9.048	11.56799999999976
	-9.04	9.220000000000368
	-9.032	15.83199999999999
	-9.024	16.06000000000017
	-9.016	16.97199999999998
	-9.008	12.31599999999946
	-9	8.648000000000138
	-8.992	10.52799999999991
	-8.984	8.368000000000166
	-8.976	10.99199999999996
	-8.968	14.40000000000009
	-8.96	11.9599999999997
	-8.952	9.056000000000154
	-8.944	13.44799999999998
	-8.936	7.284000000000106
	-8.928	13.00000000000011
	-8.92	10.26399999999967
	-8.912	4.863999999999805
	-8.904	9.904000000000565
	-8.896	9.135999999999513
	-8.888	14.32800000000088
	-8.88	16.74399999999946
	-8.872	13.57200000000023
	-8.864	12.15999999999974
	-8.856	10.45600000000013
	-8.848	16.94400000000007
	-8.84	9.663999999999419
	-8.832	9.180000000000177
	-8.824	13.58000000000015
	-8.816	13.62800000000016
	-8.808	9.623999999999569
	-8.8	6.676000000000045
	-8.792	9.064000000000306
	-8.784	13.95999999999981
	-8.776	12.54400000000021
	-8.768	13.30800000000022
	-8.76	17.8119999999999
	-8.752	16.53199999999993
	-8.744	16.07200000000012
	-8.736	16.47600000000034
	-8.728	13.1839999999994
	-8.72	14.07199999999989
	-8.712	14.59200000000021
	-8.704	14.88400000000001
	-8.696	14.83600000000013
	-8.688	19.70799999999997
	-8.68	16.38000000000011
	-8.672	15.15199999999993
	-8.664	14.34799999999984
	-8.656	10.42400000000009
	-8.648	16.80399999999997
	-8.64	15.72799999999972
	-8.632	13.59200000000021
	-8.624	16.29600000000016
	-8.616	10.38799999999958
	-8.608	9.932000000000244
	-8.6	14.8599999999999
	-8.592	20.9400000000004
	-8.584	12.25199999999938
	-8.576	12.60000000000048
	-8.568	18.12400000000036
	-8.56	18.31599999999946
	-8.552	18.81200000000001
	-8.544	15.08000000000004
	-8.536	14.86800000000028
	-8.528	17.64400000000012
	-8.52	15.13599999999951
	-8.512	10.45199999999988
	-8.504	12.31600000000037
	-8.496	12.47599999999977
	-8.488	14.87599999999998
	-8.48	16.87200000000018
	-8.472	19.33600000000001
	-8.464	20.84000000000003
	-8.456	15.59599999999989
	-8.448	16.03600000000051
	-8.44	22.53599999999994
	-8.432	19.61999999999978
	-8.424	14.06399999999974
	-8.416	13.75600000000009
	-8.408	19.39200000000017
	-8.4	21.37599999999998
	-8.392	20.57599999999968
	-8.384	19.2800000000002
	-8.376	23.93200000000013
	-8.368	23.42800000000022
	-8.36	22.43999999999983
	-8.352	19.96799999999973
	-8.344	23.36400000000071
	-8.336	24.90799999999945
	-8.328	26.34000000000015
	-8.32	15.74799999999959
	-8.312	13.4680000000003
	-8.304	24.69600000000048
	-8.296	26.12399999999946
	-8.288	20.89600000000019
	-8.28	19.54399999999976
	-8.272	23.476
	-8.264	19.32000000000005
	-8.256	21.04400000000055
	-8.248	23.02799999999945
	-8.24	21.21600000000012
	-8.232	24.65999999999997
	-8.224	20.53999999999996
	-8.216	24.6840000000002
	-8.208	33.33600000000047
	-8.2	31.87599999999941
	-8.192	19.54799999999977
	-8.184	20.64000000000055
	-8.176	23.00799999999992
	-8.168	24.35599999999999
	-8.16	20.61199999999951
	-8.152	22.72800000000029
	-8.144	16.92799999999988
	-8.136	18.44799999999998
	-8.128	25.46800000000019
	-8.12	22.39999999999952
	-8.112	23.5960000000008
	-8.104	26.24799999999959
	-8.096	24.25199999999995
	-8.088	22.64800000000014
	-8.08	24.25199999999973
	-8.072	23.75600000000043
	-8.064	26.95999999999947
	-8.056	23.56800000000044
	-8.048	24.02399999999977
	-8.04	31.27600000000052
	-8.032	25.51199999999938
	-8.024	20.48799999999994
	-8.016	31.70800000000065
	-8.008	28.1239999999998
	-8	23.98799999999983
	-7.992	23.1479999999998
	-7.984	21.38800000000015
	-7.976	18.58799999999974
	-7.968	28.67600000000061
	-7.96	34.35200000000032
	-7.952	32.55599999999959
	-7.944	25.572
	-7.936	33.84799999999996
	-7.928	31.65600000000006
	-7.92	27.00399999999979
	-7.912	30.68800000000044
	-7.904	30.65599999999938
	-7.896	19.60800000000017
	-7.888	23.18000000000018
	-7.88	22.9319999999999
	-7.872	30.42400000000009
	-7.864	23.50400000000013
	-7.856	30.55199999999991
	-7.848	26.80000000000018
	-7.84	25.68799999999942
	-7.832	31.53200000000083
	-7.824	33.30799999999954
	-7.816	24.83999999999992
	-7.808	29.43599999999981
	-7.8	29.75999999999999
	-7.792	21.08399999999983
	-7.784	25.98400000000072
	-7.776	27.24399999999991
	-7.768	33.77199999999982
	-7.76	25.79999999999984
	-7.752	30.38000000000045
	-7.744	35.06400000000019
	-7.736	32.90399999999966
	-7.728	27.24799999999993
	-7.72	32.79600000000005
	-7.712	35.25200000000018
	-7.704	36.19600000000003
	-7.696	35.06399999999974
	-7.688	36.98799999999983
	-7.68	28.83200000000045
	-7.672	46.62400000000036
	-7.664	40.96799999999951
	-7.656	34.976
	-7.648	33.51599999999985
	-7.64	32.9440000000003
	-7.632	34.45199999999966
	-7.624	34.03200000000015
	-7.616	33.94399999999996
	-7.608	32.35600000000022
	-7.6	36.14799999999968
	-7.592	38.59600000000034
	-7.584	46.89999999999998
	-7.576	33.61599999999976
	-7.568	40.40000000000089
	-7.56	43.10399999999947
	-7.552	37.83599999999979
	-7.544	30.13599999999963
	-7.536	40.62800000000072
	-7.528	40.36399999999924
	-7.52	38.59600000000069
	-7.512	42.62000000000023
	-7.504	39.18399999999974
	-7.496	48.44000000000074
	-7.488	47.91999999999928
	-7.48	47.17600000000016
	-7.472	49.55600000000038
	-7.464	53.84399999999937
	-7.456	38.70399999999972
	-7.448	39.77200000000028
	-7.44	41.95600000000002
	-7.432	34.74000000000024
	-7.424	37.20399999999961
	-7.416	35.83600000000024
	-7.408	45.70799999999997
	-7.4	58.06800000000101
	-7.392	54.01199999999892
	-7.384	57.22799999999995
	-7.376	48.59600000000057
	-7.368	60.7240000000005
	-7.36	53.83199999999965
	-7.352	54.78800000000024
	-7.344	42.8999999999985
	-7.336	40.65200000000084
	-7.328	44.34800000000018
	-7.32	55.45999999999992
	-7.312	47.96399999999994
	-7.304	63.80000000000086
	-7.296	53.15199999999925
	-7.288	63.42400000000043
	-7.28	65.21999999999969
	-7.272	59.25199999999973
	-7.264	52.76000000000101
	-7.256	65.4639999999996
	-7.248	71.21199999999976
	-7.24	66.96000000000015
	-7.232	55.60799999999995
	-7.224	62.56000000000074
	-7.216	60.45199999999886
	-7.208	58.13200000000029
	-7.2	62.74000000000103
	-7.192	66.48799999999892
	-7.184	55.37999999999977
	-7.176	58.5840000000004
	-7.168	60.00400000000059
	-7.16	70.37199999999939
	-7.152	63.2360000000001
	-7.144	65.25200000000018
	-7.136	74.21999999999946
	-7.128	65.03200000000038
	-7.12	59.53599999999994
	-7.112	73.75600000000099
	-7.104	64.79999999999882
	-7.096	70.83600000000013
	-7.088	57.23999999999978
	-7.08	68.38
	-7.072	58.36400000000015
	-7.064	71.79600000000073
	-7.056	67.34399999999982
	-7.048	71.71599999999989
	-7.04	74.98000000000047
	-7.032	75.42399999999964
	-7.024	72.2080000000002
	-7.016	62.81199999999956
	-7.008	81.0160000000003
	-7	63.06799999999953
	-6.992	63.50800000000015
	-6.984	79.03200000000072
	-6.976	72.08799999999906
	-6.968	62.10000000000002
	-6.96	71.54800000000103
	-6.952	70.41199999999901
	-6.944	75.72400000000118
	-6.936	77.99599999999964
	-6.928	73.06399999999917
	-6.92	87.37600000000123
	-6.912	83.67599999999936
	-6.904	74.37600000000032
	-6.896	73.64399999999955
	-6.888	73.95200000000091
	-6.88	75.17999999999915
	-6.872	68.41600000000005
	-6.864	76.06400000000031
	-6.856	69.67999999999904
	-6.848	74.72000000000071
	-6.84	81.80000000000041
	-6.832	88.86400000000071
	-6.824	77.18799999999806
	-6.816	68.90400000000045
	-6.808	77.35600000000045
	-6.8	70.54399999999907
	-6.792	68.852000000001
	-6.784	81.72800000000007
	-6.776	78.99599999999964
	-6.768	69.58799999999962
	-6.76	74.82000000000028
	-6.752	75.67199999999991
	-6.744	83.36400000000094
	-6.736	81.07599999999968
	-6.728	78.41599999999937
	-6.72	71.8840000000007
	-6.712	67.96799999999962
	-6.704	92.97200000000055
	-6.696	80.25999999999988
	-6.688	95.79199999999923
	-6.68	74.6520000000005
	-6.672	71.73599999999965
	-6.664	61.0319999999989
	-6.656	70.13200000000143
	-6.648	76.88800000000003
	-6.64	74.46799999999962
	-6.632	69.89200000000028
	-6.624	88.73599999999999
	-6.616	82.72000000000003
	-6.608	75.40799999999979
	-6.6	71.69600000000014
	-6.592	79.7919999999998
	-6.584	73.91600000000017
	-6.576	83.53599999999983
	-6.568	82.18400000000031
	-6.56	85.72399999999959
	-6.552	69.08800000000053
	-6.544	78.16399999999999
	-6.536	84.08799999999951
	-6.528	78.75999999999988
	-6.52	75.85600000000022
	-6.512	70.9680000000003
	-6.504	77.1600000000002
	-6.496	83.52400000000046
	-6.488	93.15199999999959
	-6.48	82.05600000000015
	-6.472	80.59999999999968
	-6.464	88.7399999999999
	-6.456	81.35599999999977
	-6.448	79.78400000000011
	-6.44	85.08400000000086
	-6.432	78.76799999999878
	-6.424	67.80399999999986
	-6.416	73.56800000000067
	-6.408	76.55199999999911
	-6.4	72.65200000000084
	-6.392	80.67199999999946
	-6.384	76.76400000000035
	-6.376	80.2120000000009
	-6.368	80.35999999999979
	-6.36	84.18799999999965
	-6.352	59.59199999999862
	-6.344	85.35600000000125
	-6.336	62.79599999999914
	-6.328	80.84000000000106
	-6.32	75.19600000000003
	-6.312	77.22399999999948
	-6.304	79.37600000000054
	-6.296	77.03999999999951
	-6.288	76.12399999999946
	-6.28	67.33999999999992
	-6.272	72.78400000000101
	-6.264	74.41199999999924
	-6.256	63.01600000000064
	-6.248	79.58400000000029
	-6.24	82.79200000000026
	-6.232	80.58399999999938
	-6.224	77.06799999999998
	-6.216	73.19599999999923
	-6.208	71.22000000000037
	-6.2	63.95999999999992
	-6.192	68.75600000000031
	-6.184	73.30399999999975
	-6.176	70.39200000000039
	-6.168	75.03999999999985
	-6.16	76.5400000000003
	-6.152	84.74800000000039
	-6.144	80.74399999999889
	-6.136	76.62800000000072
	-6.128	82.96399999999983
	-6.12	78.51999999999998
	-6.112	80.47199999999975
	-6.104	79.66800000000035
	-6.096	80.61200000000008
	-6.088	84.81999999999982
	-6.08	82.57999999999981
	-6.072	72.84800000000041
	-6.064	77.55999999999926
	-6.056	86.13200000000097
	-6.048	75.01199999999903
	-6.04	74.52400000000046
	-6.032	76.81999999999982
	-6.024	76.85599999999988
	-6.016	81.22400000000005
	-6.008	84.90800000000104
	-6	83.21599999999944
	-5.992	84.02000000000021
	-5.984	94.58400000000063
	-5.976	86.40399999999943
	-5.968	80.51599999999985
	-5.96	79.90400000000045
	-5.952	84.2199999999998
	-5.944	86.51200000000028
	-5.936	97.47599999999966
	-5.928	87.84799999999973
	-5.92	76.99999999999955
	-5.912	78.16800000000069
	-5.904	91.71600000000046
	-5.896	86.77599999999893
	-5.888	70.83600000000013
	-5.88	81.56000000000074
	-5.872	82.29200000000014
	-5.864	88.03599999999949
	-5.856	70.07999999999868
	-5.848	64.31200000000092
	-5.84	59.92799999999988
	-5.832	82.86800000000017
	-5.824	75.20400000000086
	-5.816	81.09999999999968
	-5.808	90.34799999999996
	-5.8	84.21599999999967
	-5.792	76.83600000000024
	-5.784	85.80400000000043
	-5.776	92.3319999999992
	-5.768	86.39200000000062
	-5.76	86.79200000000037
	-5.752	90.24000000000024
	-5.744	92.33999999999924
	-5.736	89.55600000000038
	-5.728	91.30399999999941
	-5.72	86.94800000000089
	-5.712	82.86400000000003
	-5.704	87.88800000000072
	-5.696	94.55599999999902
	-5.688	91.65200000000038
	-5.68	101.0360000000003
	-5.672	92.01199999999835
	-5.664	74.00399999999991
	-5.656	65.46799999999951
	-5.648	84.72800000000314
	-5.64	100.3559999999978
	-5.632	78.68400000000031
	-5.624	85.94800000000077
	-5.616	83.88399999999911
	-5.608	88.8280000000002
	-5.6	97.52400000000091
	-5.592	82.81199999999978
	-5.584	84.50799999999947
	-5.576	79.66399999999851
	-5.568	76.98800000000074
	-5.56	78.77999999999952
	-5.552	83.46400000000051
	-5.544	82.00399999999991
	-5.536	85.27200000000062
	-5.528	91.02799999999888
	-5.52	90.68000000000075
	-5.512	84.74000000000069
	-5.504	72.70800000000122
	-5.496	78.48399999999606
	-5.488	92.87600000000111
	-5.48	75.62800000000129
	-5.472	74.20000000000027
	-5.464	77.98799999999915
	-5.456	82.80399999999895
	-5.448	87.35200000000054
	-5.44	89.56400000000031
	-5.432	78.42000000000098
	-5.424	75.73999999999842
	-5.416	84.63600000000019
	-5.408	74.12400000000162
	-5.4	82.61999999999784
	-5.392	76.70000000000118
	-5.384	77.1000000000015
	-5.376	78.58399999999756
	-5.368	93.21199999999953
	-5.36	79.05600000000095
	-5.352	75.7480000000005
	-5.344	70.40000000000123
	-5.336	68.97599999999989
	-5.328	81.40799999999854
	-5.32	85.4600000000014
	-5.312	77.08399999999961
	-5.304	72.15200000000027
	-5.296	81.4959999999985
	-5.288	80.88000000000056
	-5.28	78.88399999999979
	-5.272	75.18000000000006
	-5.264	83.00000000000091
	-5.256	96.56399999999826
	-5.248	92.02000000000021
	-5.24	76.48000000000138
	-5.232	74.29599999999914
	-5.224	86.32799999999952
	-5.216	85.39200000000119
	-5.208	83.23200000000043
	-5.2	74.10399999999981
	-5.192	78.50399999999877
	-5.184	84.06800000000203
	-5.176	67.25199999999904
	-5.168	57.57200000000103
	-5.16	60.89999999999964
	-5.152	86.25999999999794
	-5.144	76.23200000000179
	-5.136	72.4759999999992
	-5.128	82.09600000000023
	-5.12	68.66799999999898
	-5.112	68.92000000000189
	-5.104	77.21599999999876
	-5.096	71.47600000000079
	-5.088	78.01599999999894
	-5.08	76.64000000000146
	-5.072	67.61599999999885
	-5.064	84.34400000000142
	-5.056	74.03599999999847
	-5.048	88.29999999999882
	-5.04	76.93200000000184
	-5.032	70.77199999999993
	-5.024	68.61200000000008
	-5.016	75.88799999999924
	-5.008	78.80800000000045
	-5	81.06400000000008
	-4.992	67.62800000000084
	-4.984	80.27199999999857
	-4.976	84.05600000000004
	-4.968	82.30400000000122
	-4.96	76.19599999999946
	-4.952	80.53599999999847
	-4.944	78.67200000000139
	-4.936	76.4200000000003
	-4.928	83.8199999999988
	-4.92	74.23600000000033
	-4.912	85.31200000000035
	-4.904	69.08400000000097
	-4.896	74.07600000000002
	-4.888	81.05999999999858
	-4.88	80.82400000000143
	-4.872	82.55599999999822
	-4.864	89.30000000000064
	-4.856	69.52400000000011
	-4.848	68.43600000000083
	-4.84	65.38000000000034
	-4.832	62.66399999999976
	-4.824	80.7039999999995
	-4.816	86.23199999999838
	-4.808	78.07200000000216
	-4.8	75.31999999999948
	-4.792	67.81200000000058
	-4.784	75.44799999999782
	-4.776	73.79200000000128
	-4.768	78.44399999999905
	-4.76	77.96400000000153
	-4.752	76.7039999999995
	-4.744	76.86000000000126
	-4.736	87.00799999999685
	-4.728	89.43200000000115
	-4.72	76.53600000000074
	-4.712	65.63200000000097
	-4.704	70.71599999999853
	-4.696	70.0199999999993
	-4.688	81.48800000000188
	-4.68	73.00800000000004
	-4.672	61.61600000000021
	-4.664	80.6559999999979
	-4.656	88.31600000000208
	-4.648	67.20799999999963
	-4.64	71.2800000000002
	-4.632	75.03999999999996
	-4.624	71.00399999999945
	-4.616	75.98799999999983
	-4.608	71.85200000000054
	-4.6	69.74000000000001
	-4.592	78.60800000000017
	-4.584	64.39999999999964
	-4.576	86.95199999999886
	-4.568	78.66000000000167
	-4.56	61.28800000000024
	-4.552	71.79599999999823
	-4.544	80.10799999999995
	-4.536	73.06000000000108
	-4.528	72.79599999999959
	-4.52	70.03999999999996
	-4.512	74.6880000000001
	-4.504	71.03600000000074
	-4.496	61.30399999999918
	-4.488	66.57599999999911
	-4.48	76.64000000000101
	-4.472	76.45999999999935
	-4.464	76.32000000000016
	-4.456	76.60400000000072
	-4.448	78.69599999999969
	-4.44	76.7320000000002
	-4.432	67.45200000000045
	-4.424	71.17999999999938
	-4.416	73.695999999999
	-4.408	74.1920000000016
	-4.4	76.97199999999771
	-4.392	86.17600000000152
	-4.384	70.79200000000128
	-4.376	64.59999999999923
	-4.368	72.00399999999854
	-4.36	77.67200000000048
	-4.352	75.82800000000134
	-4.344	66.14399999999932
	-4.336	71.10000000000082
	-4.328	71.05999999999767
	-4.32	74.10000000000082
	-4.312	83.35600000000113
	-4.304	75.76399999999944
	-4.296	63.34000000000128
	-4.288	62.8240000000003
	-4.28	70.59999999999764
	-4.272	73.07600000000139
	-4.264	71.17599999999948
	-4.256	71.24000000000092
	-4.248	68.10799999999972
	-4.24	74.79199999999923
	-4.232	67.40800000000104
	-4.224	73.29999999999791
	-4.216	67.90400000000159
	-4.208	67.74800000000027
	-4.2	66.86400000000026
	-4.192	70.51999999999953
	-4.184	58.28400000000079
	-4.176	66.97199999999907
	-4.168	75.08800000000065
	-4.16	67.26799999999957
	-4.152	65.99199999999928
	-4.144	65.12000000000194
	-4.136	65.53199999999833
	-4.128	59.46400000000153
	-4.12	56.89999999999986
	-4.112	63.50399999999991
	-4.104	56.27999999999884
	-4.096	67.07200000000012
	-4.088	68.67600000000084
	-4.08	71.28800000000115
	-4.072	60.79599999999823
	-4.064	50.73999999999978
	-4.056	62.42400000000066
	-4.048	71.87999999999897
	-4.04	78.0120000000004
	-4.032	59.84800000000018
	-4.024	62.7639999999999
	-4.016	64.89600000000041
	-4.008	57.02399999999989
	-4	62.17600000000061
	-3.992	58.96399999999858
	-3.984	66.92799999999966
	-3.976	71.404
	-3.968	71.1360000000011
	-3.96	71.11599999999953
	-3.952	60.96000000000026
	-3.944	63.42399999999816
	-3.936	58.11200000000213
	-3.928	62.46399999999994
	-3.92	62.55600000000095
	-3.912	58.24399999999878
	-3.904	68.33200000000011
	-3.896	64.01600000000099
	-3.888	50.97599999999943
	-3.88	58.596
	-3.872	57.4399999999996
	-3.864	57.48800000000074
	-3.856	49.24000000000024
	-3.848	58.67999999999938
	-3.84	47.45599999999945
	-3.832	55.99200000000042
	-3.824	56.28000000000088
	-3.816	63.72799999999825
	-3.808	62.12800000000061
	-3.8	46.44000000000074
	-3.792	56.10800000000017
	-3.784	54.54399999999919
	-3.776	73.4559999999999
	-3.768	58.99600000000078
	-3.76	58.32400000000007
	-3.752	55.58400000000029
	-3.744	57.82399999999848
	-3.736	58.41600000000017
	-3.728	70.53200000000061
	-3.72	61.07999999999947
	-3.712	58.89200000000142
	-3.704	50.9879999999996
	-3.696	59.77199999999993
	-3.688	53.97999999999979
	-3.68	55.06400000000008
	-3.672	62.71599999999921
	-3.664	55.35600000000068
	-3.656	64.50800000000004
	-3.648	47.85200000000032
	-3.64	51.80799999999931
	-3.632	56.45200000000114
	-3.624	56.39599999999928
	-3.616	49.48000000000047
	-3.608	58.51999999999907
	-3.6	51.83600000000092
	-3.592	51.56799999999998
	-3.584	59.32399999999916
	-3.576	46.92400000000066
	-3.568	46.548
	-3.56	60.41599999999971
	-3.552	64.24799999999959
	-3.544	51.06000000000017
	-3.536	54.92400000000043
	-3.528	42.82000000000062
	-3.52	56.60799999999949
	-3.512	46.07999999999993
	-3.504	47.02000000000021
	-3.496	52.63999999999965
	-3.488	60.82399999999916
	-3.48	50.35600000000204
	-3.472	46.60399999999959
	-3.464	40.41200000000003
	-3.456	38.33599999999933
	-3.448	46.08000000000015
	-3.44	52.35999999999899
	-3.432	53.44400000000041
	-3.424	49.03200000000083
	-3.416	53.95599999999945
	-3.408	43.25600000000031
	-3.4	41.11199999999963
	-3.392	35.5040000000015
	-3.384	51.65599999999858
	-3.376	46.9320000000007
	-3.368	43.59600000000023
	-3.36	46.47999999999956
	-3.352	45.83600000000047
	-3.344	39.23999999999819
	-3.336	53.89200000000073
	-3.328	47.68800000000033
	-3.32	50.0920000000001
	-3.312	47.58000000000038
	-3.304	35.03199999999902
	-3.296	36.4160000000013
	-3.288	36.28799999999865
	-3.28	42.48800000000142
	-3.272	41.58800000000019
	-3.264	43.39199999999937
	-3.256	42.03199999999924
	-3.248	51.90399999999931
	-3.24	52.75600000000145
	-3.232	40.81199999999967
	-3.224	51.56400000000053
	-3.216	36.50799999999936
	-3.208	46.82800000000043
	-3.2	51.47199999999975
	-3.192	51.63599999999929
	-3.184	51.12400000000093
	-3.176	44.37599999999929
	-3.168	47.33200000000011
	-3.16	51.36799999999994
	-3.152	44.78400000000011
	-3.144	49.404
	-3.136	52.44400000000019
	-3.128	52.67600000000084
	-3.12	50.84399999999869
	-3.112	56.21599999999989
	-3.104	43.5520000000015
	-3.096	40.08400000000006
	-3.088	48.91999999999734
	-3.08	66.15600000000154
	-3.072	47.76399999999967
	-3.064	53.6080000000004
	-3.056	43.92800000000011
	-3.048	45.99600000000032
	-3.04	50.8319999999992
	-3.032	52.8439999999996
	-3.024	49.89600000000132
	-3.016	42.77600000000007
	-3.008	54.09199999999942
	-3	51.99999999999977
	-2.992	52.60799999999904
	-2.984	56.37600000000134
	-2.976	52.6159999999993
	-2.968	54.02400000000125
	-2.96	50.3799999999992
	-2.952	51.8799999999992
	-2.944	52.88400000000138
	-2.936	48.24799999999982
	-2.928	53.23199999999929
	-2.92	49.78800000000069
	-2.912	53.91599999999903
	-2.904	49.74000000000115
	-2.896	55.02799999999843
	-2.888	54.17600000000039
	-2.88	53.39600000000132
	-2.872	55.63199999999915
	-2.864	53.55200000000013
	-2.856	59.95999999999958
	-2.848	54.05200000000013
	-2.84	66.28399999999942
	-2.832	60.3840000000007
	-2.824	59.03999999999883
	-2.816	72.91600000000085
	-2.808	71.0399999999986
	-2.8	77.2360000000017
	-2.792	70.89599999999905
	-2.784	80.65199999999936
	-2.776	71.24800000000118
	-2.768	72.50799999999936
	-2.76	65.85200000000168
	-2.752	73.52399999999921
	-2.744	70.92399999999861
	-2.736	74.66400000000158
	-2.728	77.48399999999833
	-2.72	83.3799999999992
	-2.712	83.49199999999973
	-2.704	81.59600000000023
	-2.696	94.78800000000024
	-2.688	85.49199999999837
	-2.68	102.0239999999994
	-2.672	105.8280000000013
	-2.664	115.1239999999993
	-2.656	110.8880000000008
	-2.648	108.9400000000003
	-2.64	122.5679999999986
	-2.632	135.5199999999988
	-2.624	137.5120000000002
	-2.616	119.8160000000012
	-2.608	121.3120000000008
	-2.6	131.2959999999973
	-2.592	152.3600000000001
	-2.584	165.1799999999982
	-2.576	178.5399999999995
	-2.568	171.6160000000011
	-2.56	186.0720000000001
	-2.552	195.1799999999992
	-2.544	178.7880000000032
	-2.536	179.9239999999954
	-2.528	201.1519999999994
	-2.52	207.3999999999992
	-2.512	211.2600000000025
	-2.504	236.7559999999955
	-2.496	259.0280000000007
	-2.488	267.2359999999983
	-2.48	272.6880000000017
	-2.472	300.0479999999943
	-2.464	321.572000000004
	-2.456	326.7759999999957
	-2.448	344.328000000002
	-2.44	349.8719999999992
	-2.432	335.5519999999976
	-2.424	365.5720000000026
	-2.416	388.0999999999967
	-2.408	413.9559999999985
	-2.4	450.1479999999965
	-2.392	452.1400000000001
	-2.384	447.5960000000005
	-2.376	504.9199999999944
	-2.368	535.9560000000049
	-2.36	507.7439999999976
	-2.352	540.6239999999977
	-2.344	612.6359999999975
	-2.336	587.4320000000062
	-2.328	598.4479999999933
	-2.32	672.0279999999943
	-2.312	685.7919999999992
	-2.304	695.3480000000004
	-2.296	710.7080000000017
	-2.288	744.5959999999986
	-2.28	753.5519999999956
	-2.272	812.1880000000001
	-2.264	844.363999999995
	-2.256	888.4120000000003
	-2.248	888.1840000000052
	-2.24	873.6799999999964
	-2.232	953.1919999999905
	-2.224	1003.683999999998
	-2.216	1047.663999999995
	-2.208	1099.907999999998
	-2.2	1131.344000000005
	-2.192	1212.203999999991
	-2.184	1313.560000000002
	-2.176	1309.791999999992
	-2.168	1383.527999999996
	-2.16	1430.155999999996
	-2.152	1543.311999999991
	-2.144	1648.06
	-2.136	1652.211999999999
	-2.128	1666.543999999999
	-2.12	1772.059999999992
	-2.112	1740.872000000008
	-2.104	1831.323999999987
	-2.096	1918.003999999999
	-2.088	1965.955999999996
	-2.08	1966.559999999999
	-2.072	1994.000000000001
	-2.064	1949.628000000002
	-2.056	2009.171999999995
	-2.048	2022.704000000007
	-2.04	1918.408000000001
	-2.032	1903.236000000003
	-2.024	1893.452000000003
	-2.016	1824.108
	-2.008	1831.856000000001
	-2	1703.644000000013
	-1.992	1663.707999999992
	-1.984	1617.624000000006
	-1.976	1636.576000000003
	-1.968	1572.424000000003
	-1.96	1526.403999999994
	-1.952	1485.604000000011
	-1.944	1397.316000000004
	-1.936	1327.223999999997
	-1.928	1347.312000000006
	-1.92	1289.808000000003
	-1.912	1272.756000000002
	-1.904	1347.803999999989
	-1.896	1371.7
	-1.888	1441.071999999996
	-1.88	1488.820000000002
	-1.872	1518.631999999998
	-1.864	1572.30799999999
	-1.856	1698.435999999991
	-1.848	1746.604000000004
	-1.84	1863.34399999999
	-1.832	1954.568
	-1.824	2005.091999999995
	-1.816	2106.495999999992
	-1.808	2294.287999999985
	-1.8	2420.312000000002
	-1.792	2476.803999999989
	-1.784	2557.187999999996
	-1.776	2571.436000000005
	-1.768	2761.307999999985
	-1.76	2864.680000000003
	-1.752	2860.592000000004
	-1.744	2916.691999999983
	-1.736	2962.288000000012
	-1.728	2858.700000000001
	-1.72	2824.908000000002
	-1.712	2795.716000000004
	-1.704	2727.356000000004
	-1.696	2627.232000000004
	-1.688	2408.096000000014
	-1.68	2261.788000000007
	-1.672	2144.648000000005
	-1.664	2015.612000000011
	-1.656	1797.532000000006
	-1.648	1663.408000000015
	-1.64	1479.680000000001
	-1.632	1383.584000000009
	-1.624	1268.56000000001
	-1.616	1132.848000000004
	-1.608	1084.459999999998
	-1.6	1042.896000000011
	-1.592	897.3600000000076
	-1.584	851.8119999999938
	-1.576	844.8480000000029
	-1.568	826.0720000000063
	-1.56	753.0000000000034
	-1.552	720.5199999999952
	-1.544	722.5640000000035
	-1.536	698.3960000000038
	-1.528	658.8679999999983
	-1.52	634.9440000000025
	-1.512	627.832000000004
	-1.504	579.2839999999985
	-1.496	561.248000000003
	-1.488	534.1120000000019
	-1.48	523.2240000000015
	-1.472	505.6359999999991
	-1.464	464.880000000006
	-1.456	431.1839999999991
	-1.448	411.1720000000016
	-1.44	359.508000000003
	-1.432	355.3959999999988
	-1.424	325.0760000000028
	-1.416	300.2800000000029
	-1.408	270.1239999999987
	-1.4	261.3400000000022
	-1.392	242.3279999999986
	-1.384	231.0400000000025
	-1.376	209.3960000000022
	-1.368	210.3279999999988
	-1.36	186.280000000002
	-1.352	172.8560000000016
	-1.344	141.4439999999993
	-1.336	127.064000000001
	-1.328	136.6159999999991
	-1.32	135.0400000000016
	-1.312	125.6040000000014
	-1.304	115.8279999999991
	-1.296	117.0040000000024
	-1.288	107.3719999999971
	-1.28	111.8960000000013
	-1.272	86.48400000000061
	-1.264	79.66399999999999
	-1.256	75.79200000000128
	-1.248	72.91600000000039
	-1.24	76.70399999999904
	-1.232	75.68000000000052
	-1.224	55.74000000000069
	-1.216	55.44800000000032
	-1.208	67.90799999999922
	-1.2	68.83999999999969
	-1.192	52.63200000000188
	-1.184	50.57599999999934
	-1.176	49.5760000000007
	-1.168	54.3919999999996
	-1.16	46.18800000000033
	-1.152	46.45600000000013
	-1.144	42.79600000000005
	-1.136	41.26399999999967
	-1.128	43.61199999999963
	-1.12	35.96000000000095
	-1.112	33.81600000000049
	-1.104	34.2719999999988
	-1.096	44.08799999999997
	-1.088	43.28000000000043
	-1.08	40.82000000000039
	-1.072	42.28399999999897
	-1.064	49.23600000000033
	-1.056	41.66399999999999
	-1.048	39.69200000000001
	-1.04	29.9360000000006
	-1.032	38.84799999999927
	-1.024	36.97200000000066
	-1.016	32.33999999999924
	-1.008	34.78000000000111
	-1	29.67999999999847
	-0.992000000000001	34.9920000000011
	-0.984	31.83599999999979
	-0.976000000000001	29.25200000000041
	-0.968	38.27999999999952
	-0.960000000000001	31.00000000000068
	-0.952	25.75600000000054
	-0.944000000000001	28.05999999999926
	-0.936	21.30800000000067
	-0.928000000000001	22.14400000000001
	-0.92	31.49199999999951
	-0.912000000000001	29.49199999999996
	-0.904	28.50400000000036
	-0.896000000000001	27.31999999999971
	-0.888	29.63199999999915
	-0.880000000000001	27.1520000000005
	-0.872	25.88800000000015
	-0.864000000000001	30.5920000000001
	-0.856	26.58000000000015
	-0.848000000000001	27.91999999999962
	-0.84	33.09600000000023
	-0.832000000000001	31.14799999999946
	-0.824	34.03599999999983
	-0.816000000000001	35.22399999999993
	-0.808	32.10400000000141
	-0.800000000000001	23.77999999999975
	-0.792	26.35999999999922
	-0.784000000000001	29.49600000000078
	-0.776	24.49599999999987
	-0.768000000000001	31.05999999999949
	-0.760000000000002	25.46000000000117
	-0.752000000000001	27.38399999999865
	-0.744000000000002	27.58400000000029
	-0.736000000000001	30.10400000000095
	-0.728000000000002	28.61999999999921
	-0.720000000000001	27.24799999999959
	-0.712000000000002	28.81200000000035
	-0.704000000000001	37.74399999999946
	-0.696000000000002	33.33200000000033
	-0.688000000000001	40.42399999999998
	-0.680000000000001	38.90399999999931
	-0.672000000000001	44.49199999999973
	-0.664000000000001	44.52800000000093
	-0.656000000000001	42.31599999999844
	-0.648000000000001	47.52000000000066
	-0.640000000000001	49.82400000000007
	-0.632000000000001	54.60399999999981
	-0.624000000000001	45.77600000000029
	-0.616000000000001	42.30000000000064
	-0.608000000000001	40.83999999999969
	-0.600000000000001	36.70800000000031
	-0.592000000000001	49.35999999999831
	-0.584000000000001	54.87200000000075
	-0.576000000000001	53.83600000000001
	-0.568000000000001	72.4279999999992
	-0.56	60.35200000000077
	-0.552000000000001	65.01599999999917
	-0.544	67.06799999999953
	-0.536000000000001	73.42800000000034
	-0.528	76.47599999999852
	-0.520000000000001	80.36799999999948
	-0.512	81.76800000000139
	-0.504000000000001	89.83200000000011
	-0.496	95.47999999999843
	-0.488000000000001	102.0679999999998
	-0.48	99.32000000000016
	-0.472000000000001	106.0640000000001
	-0.464	119.2719999999995
	-0.456000000000001	114.1679999999985
	-0.448	131.6360000000004
	-0.440000000000001	137.5840000000003
	-0.432	133.7839999999997
	-0.424000000000001	142.6479999999985
	-0.416	156.5839999999996
	-0.408000000000001	163.284000000001
	-0.4	177.0479999999984
	-0.392000000000001	180.8919999999985
	-0.384	186.0600000000009
	-0.376000000000001	199.3840000000005
	-0.368	210.7079999999985
	-0.360000000000001	208.7839999999983
	-0.352	244.6839999999991
	-0.344000000000001	251.4919999999995
	-0.336	258.6959999999992
	-0.328000000000001	301.0079999999978
	-0.32	343.2759999999969
	-0.312000000000001	388.7919999999972
	-0.304	436.3199999999972
	-0.296000000000001	524.9319999999955
	-0.288	626.2559999999951
	-0.280000000000001	687.4279999999962
	-0.272	752.8159999999962
	-0.264000000000001	786.648000000001
	-0.256	793.9319999999975
	-0.248000000000001	816.1320000000048
	-0.24	777.9199999999978
	-0.232000000000001	764.3920000000023
	-0.224	686.8920000000028
	-0.216000000000001	589.9200000000048
	-0.208	509.9960000000058
	-0.200000000000001	453.7600000000029
	-0.192	362.4800000000064
	-0.184000000000001	304.1480000000001
	-0.176	252.2280000000032
	-0.168000000000001	222.6880000000037
	-0.16	197.4840000000008
	-0.152000000000001	157.9240000000018
	-0.144	139.1480000000006
	-0.136000000000001	137.4719999999984
	-0.128	133.3480000000022
	-0.120000000000001	115.2279999999994
	-0.112	117.6760000000008
	-0.104000000000001	106.0240000000008
	-0.0960000000000001	119.1439999999982
	-0.088000000000001	132.4759999999987
	-0.0800000000000001	127.7880000000007
	-0.072000000000001	129.7440000000001
	-0.0640000000000001	128.6959999999985
	-0.0560000000000009	129.8160000000021
	-0.048	130.9599999999989
	-0.0400000000000009	143.6119999999989
	-0.032	151.1000000000006
	-0.0240000000000009	175.2919999999995
	-0.016	159.0000000000014
	-0.0080000000000009	165.8759999999986
	0	192.6439999999984
	0.00799999999999912	184.1080000000006
	0.016	186.6080000000009
	0.0239999999999991	164.2320000000002
	0.032	167.7920000000015
	0.0399999999999991	129.743999999999
	0.048	110.7720000000038
	0.0559999999999992	94.54400000000032
	0.0640000000000001	87.8919999999996
	0.0719999999999992	73.16000000000008
	0.0800000000000001	60.50000000000091
	0.0879999999999992	51.32800000000043
	0.0960000000000001	41.32800000000202
	0.103999999999999	32.10399999999959
	0.112	27.48800000000074
	0.119999999999999	26.7800000000002
	0.128	27.81999999999903
	0.135999999999999	27.39600000000019
	0.144	17.45600000000059
	0.151999999999999	17.99600000000055
	0.16	17.01599999999962
	0.167999999999999	20.27599999999984
	0.176	18.73200000000043
	0.183999999999999	13.56399999999962
	0.192	21.22800000000007
	0.199999999999999	14.23600000000033
	0.208	14.80799999999908
	0.215999999999999	16.65200000000073
	0.224	11.14800000000059
	0.231999999999999	13.91199999999935
	0.24	10.11600000000089
	0.247999999999999	7.203999999999496
	0.255999999999998	14.58799999999974
	0.263999999999999	13.69599999999991
	0.271999999999998	13.29600000000005
	0.279999999999999	13.60800000000063
	0.287999999999998	11.75999999999954
	0.295999999999999	11.3599999999999
	0.303999999999998	11.38800000000037
	0.311999999999999	12.92399999999975
	0.319999999999999	12.99199999999996
	0.327999999999999	9.768000000000256
	0.335999999999999	8.620000000000118
	0.343999999999999	6.203999999999951
	0.351999999999999	10.59999999999968
	0.359999999999999	7.187999999999874
	0.367999999999999	10.21600000000058
	0.375999999999999	6.895999999999958
	0.383999999999999	10.17599999999948
	0.391999999999999	13.33200000000056
	0.399999999999999	8.559999999999491
	0.407999999999999	8.044000000000551
	0.415999999999999	7.683999999999969
	0.423999999999999	5.727999999999838
	0.431999999999999	4.855999999999995
	0.44	7.304000000000087
	0.447999999999999	7.3599999999999
	0.456	9.171999999999571
	0.463999999999999	10.90400000000045
	0.472	9.463999999999942
	0.479999999999999	8.423999999999978
	0.488	13.2360000000001
	0.495999999999999	8.428000000000111
	0.504	4.779999999999973
	0.511999999999999	5.683999999999969
	0.52	5.171999999999798
	0.527999999999999	8.323999999999842
	0.536	6.956000000000358
	0.543999999999999	10.99199999999973
	0.552	8.340000000000146
	0.559999999999999	8.436000000000149
	0.568	7.76799999999912
	0.575999999999999	7.992000000000871
	0.584	7.615999999999758
	0.591999999999999	11.13199999999983
	0.6	9.956000000000131
	0.607999999999999	10.74399999999969
	0.616	10.20800000000054
	0.623999999999999	6.868000000000166
	0.632	3.924000000000206
	0.639999999999999	3.615999999999758
	0.648	7.307999999999765
	0.655999999999999	11.8119999999999
	0.664	5.69600000000014
	0.671999999999999	4.812000000000353
	0.68	5.287999999999784
	0.687999999999999	6.63599999999974
	0.696	7.316000000000031
	0.703999999999999	9.708000000000311
	0.712	4.067999999999984
	0.719999999999999	4.959999999999809
	0.728	10.4559999999999
	0.735999999999999	6.892000000000053
	0.744	7.012000000000171
	0.751999999999999	8.35599999999954
	0.76	9.540000000000191
	0.767999999999999	8.91599999999994
	0.776	7.143999999999778
	0.783999999999999	10.64400000000023
	0.792	6.836000000000467
	0.799999999999999	6.435999999999467
	0.808	7.836000000000467
	0.815999999999999	4.891999999999825
	0.824	8.819999999999936
	0.831999999999999	6.067999999999984
	0.84	8.815999999999349
	0.847999999999999	9.288000000000693
	0.856	4.164000000000215
	0.863999999999999	8.983999999999924
	0.872	7.844000000000051
	0.879999999999999	3.955999999999676
	0.888	8.059999999999718
	0.895999999999999	5.824000000000524
	0.904	3.916000000000167
	0.911999999999999	2.791999999999916
	0.92	5.563999999999851
	0.927999999999999	8.004000000000133
	0.936	10.99999999999955
	0.943999999999999	6.508000000000038
	0.952	6.516000000000304
	0.959999999999999	9.043999999999869
	0.968	7.760000000000218
	0.975999999999999	7.307999999999311
	0.984	5.600000000000819
	0.991999999999999	4.515999999999849
	1	3.375999999999976
	1.008	5.483999999999696
	1.016	7.50400000000036
	1.024	4.695999999999913
	1.032	5.936000000000149
	1.04	4.251999999999725
	1.048	6.731999999999971
	1.056	8.16800000000012
	1.064	6.215999999999894
	1.072	5.379999999999882
	1.08	5.875999999999976
	1.088	7.61600000000044
	1.096	6.439999999999827
	1.104	5.324000000000296
	1.112	3.055999999999813
	1.12	4.66399999999976
	1.128	8.936000000000149
	1.136	9.503999999999678
	1.144	5.464000000000169
	1.152	7.904000000000224
	1.16	3.860000000000127
	1.168	3.931999999999789
	1.176	7.144000000000005
	1.184	5.47199999999998
	1.192	6.376000000000204
	1.2	4.951999999999771
	1.208	4.876000000000204
	1.216	7.279999999999973
	1.224	5.347999999999956
	1.232	6.899999999999636
	1.24	4.648000000000593
	1.248	2.96799999999962
	1.256	4.476000000000113
	1.264	6.587999999999511
	1.272	6.860000000000582
	1.28	4.895999999999503
	1.288	7.700000000000273
	1.296	5.352000000000317
	1.304	6.743999999999687
	1.312	4.388000000000147
	1.32	5.19600000000014
	1.328	4.10799999999972
	1.336	5.860000000000355
	1.344	4.143999999999778
	1.352	4.768000000000029
	1.36	6.411999999999352
	1.368	5.080000000000609
	1.376	4.479999999999563
	1.384	7.028000000000475
	1.392	4.067999999999984
	1.4	5.355999999999767
	1.408	7.300000000000409
	1.416	6.587999999999738
	1.424	5.988000000000056
	1.432	2.948000000000093
	1.44	4.891999999999825
	1.448	8.312000000000126
	1.456	3.208000000000084
	1.464	1.535999999999831
	1.472	5.611999999999853
	1.48	5.552000000000362
	1.488	3.251999999999725
	1.496	5.99599999999964
	1.504	7.928000000000338
	1.512	4.408000000000357
	1.52	4.571999999999889
	1.528	4.647999999999683
	1.536	3.656000000000176
	1.544	5.592000000000098
	1.552	5.379999999999427
	1.56	4.948000000000548
	1.568	4.071999999999662
	1.576	6.324000000000296
	1.584	9.52800000000002
	1.592	4.456000000000131
	1.6	6.059999999999491
	1.608	9.772000000000617
	1.616	2.771999999999935
	1.624	5.335999999999785
	1.632	5.511999999999944
	1.64	4.412000000000035
	1.648	3.072000000000116
	1.656	2.679999999999836
	1.664	7.016000000000076
	1.672	5.911999999999807
	1.68	6.423999999999751
	1.688	8.968000000000302
	1.696	6.967999999999847
	1.704	5.000000000000455
	1.712	4.787999999999784
	1.72	8.291999999999689
	1.728	7.960000000000264
	1.736	2.69600000000014
	1.744	8.099999999999682
	1.752	6.4200000000003
	1.76	4.08400000000006
	1.768	4.651999999999816
	1.776	4.419999999999845
	1.784	4.004000000000133
	1.792	3.468000000000302
	1.8	2.1400000000001
	1.808	4.559999999999263
	1.816	7.564000000000533
	1.824	5.704000000000178
	1.832	1.872000000000071
	1.84	2.999999999999545
	1.848	4.5600000000004
	1.856	2.567999999999984
	1.864	2.395999999999731
	1.872	4.407999999999674
	1.88	4.196000000000595
	1.888	1.827999999999747
	1.896	2.528000000000247
	1.904	4.395999999999503
